-116983819 
84278525 
-166526221 
-200866812 
33946109 
51117824 
116914948 
-116982524 
101320196 
-33424362 
-318304511 
-16316165 
50198795 
-84870657 
82970630 
68025086 
-49874446 
101122040 
-149682697 
-167378429 
33815803 
101580797 
150665734 
-133890303 
34081025 
-67044337 
-217379325 
-16251903 
-262648 
-85067265 
132843270 
101841914 
-66913549 
50789624 
-183171335 
-268171769 
16775930 
101448962 
116718346 
-116982782 
135332354 
-16779246 
-234156287 
-100200698 
66911498 
-68290043 
149751818 
102102777 
-100075021 
84212987 
-132971789 
-167508987 
-33293827 
84475901 
150927877 
-116982526 
67504133 
-50135275 
-267842556 
-16318724 
-329207 
-84870145 
82708230 
101580799 
-83559694 
134544123 
-99417100 
-217905658 
84278011 
84607228 
184220421 
-116982016 
17368578 
195339 
-167244799 
525313 
16448777 
-68356092 
99420938 
152042491 
-116851983 
167967486 
-149814799 
-201128442 
51051261 
68026362 
150927874 
-150797567 
-50199291 
67369224 
-133230077 
17497853 
-66979061 
-51318271 
82643718 
202112509 
-100206861 
117701627 
-116194572 
-201063163 
50657532 
84475388 
150862342 
-100335359 
101320455 
-16450286 
-234287616 
17301504 
33421579 
-68225280 
116198664 
101710846 
-100205072 
168098554 
-166525964 
-234748410 
67501562 
34537470 
116783366 
-134086142 
-50068987 
-33293808 
-166783997 
-66583040 
-33424116 
-85068287 
132909579 
135265018 
-100207373 
101186810 
-116259850 
-184351226 
-49874179 
34144509 
184351236 
-66716159 
101255174 
326672 
-217641983 
34013952 
16579084 
-68028669 
65801223 
118422268 
-83364365 
101121274 
-132971530 
-167508731 
523260 
84671740 
184351236 
-117243902 
67634947 
33749771 
-217379067 
34145536 
-16909302 
-84739839 
82709254 
135133946 
-49940237 
117898234 
-99417098 
-251525626 
326396 
84541182 
200866310 
-100270079 
101516550 
117765896 
-133820924 
-16185339 
66780171 
-17827835 
82513675 
185858555 
-83232782 
151322106 
-132971788 
-201062650 
34012411 
67960827 
134019332 
-117308925 
50726917 
-83625197 
-234155517 
34079742 
-33555700 
-68093952 
116067334 
168754173 
-66521103 
117964281 
-149748746 
-150731517 
67567097 
68026110 
184089346 
-117374973 
525825 
100726787 
-166981369 
-66647555 
-33816566 
-34670335 
99355911 
118422520 
-99878926 
117964282 
-166526474 
-117111549 
50658299 
51314429 
217709823 
-100663292 
-33224442 
33683720 
-167046906 
-49806340 
-33752052 
-34539520 
65735432 
151780346 
-66455566 
134676218 
-149749259 
-150731259 
50723834 
68026367 
167377411 
-100597757 
34015492 
16906763 
-200666874 
-49936643 
-16974581 
-51382016 
116067335 
135134459 
-99944463 
151453690 
-166526474 
-133954044 
50855421 
34471421 
234748672 
-117440252 
-66975994 
33618439 
-167046906 
589820 
-50463475 
-34473728 
65867015 
168557562 
-99944716 
101253113 
-183172361 
-117045757 
50658042 
68221692 
184220673 
-134217210 
16975366 
50330119 
-200600828 
-33093893 
-83821812 
-853760 
99355398 
101447930 
-99878928 
101318394 
-166526217 
-133888508 
33946622 
17759743 
234552574 
-100598010 
-33159674 
100661510 
-217509370 
460030 
-16909554 
-34407935 
49088519 
151845115 
-99878669 
101121273 
-166395145 
-184417020 
-33096964 
135004159 
200932096 
-117309182 
34080258 
67369226 
-150401016 
-33093891 
-16974584 
-68027903 
15535368 
135199227 
-99814412 
101121785 
-183238152 
-117242876 
-33031428 
168689661 
201194239 
-117374205 
84413697 
50461194 
-166981114 
34080253 
-100533240 
-67831043 
82578437 
135133948 
-83232270 
117899000 
-183237383 
-184220410 
17169658 
101777153 
184220672 
-150994684 
17303294 
66975494 
-200600570 
-16316159 
-50200821 
-17696256 
116000774 
152107002 
-66390286 
101122040 
-132905991 
-184351482 
-33358850 
118292991 
200997633 
-100401919 
50924804 
33683723 
-234484219 
525570 
16448521 
-51381248 
115804166 
185596156 
-116721934 
67501304 
-166329094 
-167575292 
-16516357 
185466110 
184285698 
-134020350 
67765763 
84081161 
-250998269 
-16186111 
-50202103 
-17695235 
116132358 
101840634 
-83429136 
101121783 
-132774662 
-167640317 
83819259 
168492032 
234486533 
-83493117 
34539527 
100792583 
-217707005 
-100072956 
66714889 
-1245953 
149424393 
135592441 
-100010510 
101122297 
-149683720 
-133822971 
16840956 
118292222 
217775103 
-50004219 
50924041 
117438727 
-251327230 
-66648837 
16448266 
32505087 
82380551 
135199483 
