81197 
-123777 
-35670 
-118053 
-126741 
0 
0 
0 
-2578 
-72828 
31058 
-73855 
-79172 
0 
0 
0 
90796 
-147434 
-18659 
-136003 
-146316 
0 
0 
0 
34937 
-81513 
9027 
-81615 
-85532 
0 
0 
0 
9532 
-61536 
15787 
-64895 
-70094 
0 
0 
0 
68361 
-131961 
-7636 
-124004 
-133580 
0 
0 
0 
42019 
-78847 
-2767 
-71513 
-81634 
0 
0 
0 
80940 
-135087 
-20769 
-126990 
-134840 
0 
0 
0 
81339 
-139380 
-14879 
-126780 
-138714 
0 
0 
0 
35583 
-76110 
12378 
-70804 
-80253 
0 
0 
0 
76166 
-118249 
-22939 
-109022 
-121398 
0 
0 
0 
1940 
-59947 
16976 
-65068 
-69465 
0 
0 
0 
22229 
-89424 
28893 
-84325 
-89404 
0 
0 
0 
43354 
-78360 
-407 
-71070 
-77389 
0 
0 
0 
4620 
-40420 
16221 
-35892 
-37480 
0 
0 
0 
4171 
-43349 
11961 
-40594 
-42412 
0 
0 
0 
-11911 
-28244 
17794 
-20986 
-16319 
0 
0 
0 
47388 
-71566 
-7000 
-63719 
-71658 
0 
0 
0 
37159 
-68639 
-725 
-60249 
-70965 
0 
0 
0 
41088 
-85614 
6260 
-80227 
-86984 
0 
0 
0 
19892 
-57861 
16837 
-54823 
-62844 
0 
0 
0 
-3323 
-33818 
20603 
-28673 
-29831 
0 
0 
0 
-16399 
-17362 
8974 
-11326 
-8984 
0 
0 
0 
-13282 
-30907 
20248 
-24603 
-18688 
0 
0 
0 
-14083 
-22561 
14398 
-14962 
-10366 
0 
0 
0 
-22528 
-19801 
12856 
-13132 
-11411 
0 
0 
0 
12435 
-47543 
7867 
-47337 
-52960 
0 
0 
0 
77713 
-130501 
-18687 
-116572 
-133964 
0 
0 
0 
13158 
-91577 
33385 
-88299 
-96146 
0 
0 
0 
11957 
-55028 
10488 
-55763 
-60181 
0 
0 
0 
17230 
-42182 
-9787 
-38259 
-41914 
0 
0 
0 
-14631 
-29446 
17746 
-22042 
-15596 
0 
0 
0 
59834 
-124285 
-7549 
-117509 
-124748 
0 
0 
0 
-14730 
-30929 
19432 
-22781 
-15797 
0 
0 
0 
18160 
-44233 
165 
-41679 
-46984 
0 
0 
0 
11049 
-50232 
11580 
-44059 
-47737 
0 
0 
0 
-11071 
-24039 
17353 
-19064 
-12888 
0 
0 
0 
-8622 
-24829 
16595 
-21350 
-18274 
0 
0 
0 
-14751 
-22450 
3214 
-15082 
-12788 
0 
0 
0 
5022 
-47283 
14615 
-43744 
-44140 
0 
0 
0 
4223 
-34539 
10807 
-30767 
-33578 
0 
0 
0 
-33960 
-13445 
-9163 
-1374 
-1024 
0 
0 
0 
6146 
-22433 
-1194 
-18775 
-18700 
0 
0 
0 
-19938 
-20331 
15331 
-17569 
-11783 
0 
0 
0 
-25987 
-13424 
-16921 
-4231 
-594 
0 
0 
0 
-23736 
-17468 
-16955 
-7831 
-2873 
0 
0 
0 
-2162 
-36595 
20155 
-31731 
-31006 
0 
0 
0 
-1261 
-45110 
18811 
-40960 
-38863 
0 
0 
0 
21791 
-51961 
-3530 
-45409 
-51093 
0 
0 
0 
-15011 
-19830 
13284 
-14179 
-10006 
0 
0 
0 
-21623 
-16767 
7306 
-9779 
-6121 
0 
0 
0 
-8929 
-21613 
12361 
-15793 
-14811 
0 
0 
0 
-10669 
-26141 
16111 
-21290 
-14871 
0 
0 
0 
-15180 
-20140 
8446 
-15013 
-12818 
0 
0 
0 
-5433 
-22220 
12759 
-22243 
-20192 
0 
0 
0 
-6749 
-45268 
13309 
-47759 
-42182 
0 
0 
0 
-13446 
-29408 
19902 
-23609 
-18677 
0 
0 
0 
-22258 
-20332 
12738 
-14273 
-12590 
0 
0 
0 
-11309 
-25924 
13825 
-21894 
-17962 
0 
0 
0 
-22932 
-15700 
6495 
-9628 
-6889 
0 
0 
0 
10479 
-45088 
10612 
-41997 
-42563 
0 
0 
0 
2551 
-30777 
3149 
-30013 
-28747 
0 
0 
0 
-42323 
-10858 
-9214 
-856 
-820 
0 
0 
0 
1296 
-43549 
23023 
-39833 
-40033 
0 
0 
0 
-2267 
-42744 
18253 
-41195 
-39006 
0 
0 
0 
-890 
-25448 
7448 
-19370 
-19532 
0 
0 
0 
-38958 
-9170 
-14299 
1875 
2289 
0 
0 
0 
-8007 
-40667 
13244 
-40039 
-37034 
0 
0 
0 
-19416 
-24503 
14438 
-19722 
-13072 
0 
0 
0 
-4807 
-70481 
32033 
-69891 
-77190 
0 
0 
0 
41378 
-119289 
11678 
-117176 
-121470 
0 
0 
0 
3779 
-52394 
20835 
-45185 
-48800 
0 
0 
0 
-14157 
-23606 
5844 
-19283 
-14257 
0 
0 
0 
440 
-48224 
4313 
-51261 
-43435 
0 
0 
0 
-15175 
-30575 
21102 
-22564 
-17028 
0 
0 
0 
-813 
-28407 
12611 
-23010 
-22989 
0 
0 
0 
-14465 
-16535 
-6140 
-12562 
-10093 
0 
0 
0 
15844 
-56629 
4091 
-52776 
-60321 
0 
0 
0 
2144 
-47446 
6096 
-49086 
-45817 
0 
0 
0 
-34278 
-10665 
-12335 
-4070 
1580 
0 
0 
0 
33099 
-81746 
23373 
-74457 
-85119 
0 
0 
0 
6089 
-61041 
14298 
-55610 
-60120 
0 
0 
0 
-7027 
-20076 
6782 
-16543 
-15099 
0 
0 
0 
-6142 
-44306 
15999 
-45501 
-40399 
0 
0 
0 
-23783 
-16705 
7836 
-10473 
-9092 
0 
0 
0 
-42124 
-24267 
-9488 
-15236 
-11235 
0 
0 
0 
-23841 
-17752 
10086 
-10558 
-7633 
0 
0 
0 
-29732 
-22946 
9046 
-12588 
-11045 
0 
0 
0 
-26625 
-17436 
-5068 
-6824 
-3019 
0 
0 
0 
-21154 
-15512 
5744 
-10576 
-6504 
0 
0 
0 
-14949 
-14438 
3014 
-7480 
-3199 
0 
0 
0 
2835 
-32945 
10694 
-27351 
-26691 
0 
0 
0 
-12356 
-26374 
13328 
-20634 
-15162 
0 
0 
0 
-40923 
-11511 
-8661 
-2169 
-809 
0 
0 
0 
-10033 
-36365 
28053 
-32676 
-31157 
0 
0 
0 
13311 
-35414 
-14543 
-32703 
-34893 
0 
0 
0 
-31425 
-14899 
-11754 
-2561 
-1858 
0 
0 
0 
-16518 
-25876 
16190 
-20005 
-12816 
0 
0 
0 
-24663 
-17235 
4362 
-6057 
-2013 
0 
0 
0 
3519 
-28808 
6812 
-23584 
-22024 
0 
0 
0 
