7893 
-5122 
-3249 
0 
9983 
-4840 
-5097 
0 
2520 
-3423 
977 
0 
10313 
-4897 
-4127 
0 
2585 
-2897 
502 
0 
4967 
-4699 
1622 
0 
5140 
-4643 
846 
0 
4293 
-4389 
1098 
0 
9583 
-4018 
-4751 
0 
0 
0 
0 
0 
0 
0 
0 
0 
0 
0 
0 
0 
0 
0 
0 
0 
0 
0 
0 
0 
0 
0 
0 
0 
0 
0 
0 
0 
0 
1006664565 
1006664565 
1006664565 
0 
1006664565 
0 
0 
0 
1006664565 
1006664565 
1006664565 
1015053173 
1006664565 
1006664565 
0 
1006664565 
1006664565 
1015053173 
1015053173 
1006664565 
1006664565 
1006664565 
0 
0 
0 
0 
0 
0 
0 
0 
0 
0 
1006664565 
1006664565 
1006664565 
1006664565 
1006664565 
1006664565 
0 
0 
0 
0 
0 
0 
0 
1006664565 
1006664565 
1006664565 
1006664565 
1006664565 
0 
0 
0 
1006664565 
1006664565 
1006664565 
1006664565 
1006664565 
0 
0 
0 
0 
0 
0 
1006664565 
1006664565 
1006664565 
1006664565 
1006664565 
0 
0 
0 
0 
0 
0 
0 
0 
0 
0 
0 
0 
0 
0 
0 
0 
0 
0 
0 
1006664565 
1006664565 
1006664565 
0 
0 
0 
0 
0 
0 
0 
0 
0 
0 
0 
0 
0 
1006664565 
1006664565 
1006664565 
1006664565 
1006664565 
1006664565 
0 
1006664565 
1006664565 
1006664565 
1006664565 
1006664565 
1006664565 
1006664565 
1006664565 
1006664565 
1006664565 
1006664565 
1006664565 
1006664565 
1006664565 
1006664565 
1006664565 
1006664565 
1006664565 
1006664565 
1006664565 
0 
1006664565 
1006664565 
0 
0 
1006664565 
1006664565 
1006664565 
1006664565 
0 
0 
0 
0 
1006664565 
1006664565 
1006664565 
1006664565 
1006664565 
1006664565 
1006664565 
1006664565 
1006664565 
1006664565 
0 
0 
0 
0 
0 
0 
0 
0 
0 
0 
1006664565 
0 
0 
0 
0 
0 
0 
0 
1006664565 
1006664565 
1006664565 
1006664565 
0 
1006664565 
0 
0 
0 
0 
0 
0 
0 
1006664565 
1006664565 
1006664565 
1015053173 
1015053173 
1006664565 
0 
1006664565 
1006664565 
1015053173 
1015053173 
1006664565 
1006664565 
1015053173 
1019263280 
1019263280 
1027651888 
1029756941 
1031830389 
1025546834 
1027651888 
1040745260 
0 
0 
0 
0 
0 
0 
0 
0 
0 
0 
1006664565 
0 
0 
0 
0 
0 
0 
0 
0 
0 
0 
0 
0 
0 
0 
0 
1006664565 
1006664565 
0 
0 
0 
0 
1006664565 
0 
0 
0 
0 
0 
0 
0 
1006664565 
0 
0 
0 
1006664565 
0 
0 
0 
1006664565 
1006664565 
1015053173 
1006664565 
1006664565 
1006664565 
0 
1006664565 
1006664565 
1006664565 
1006664565 
1006664565 
0 
1006664565 
1006664565 
0 
0 
1006664565 
1006664565 
1006664565 
1006664565 
1006664565 
1006664565 
0 
0 
0 
0 
0 
1006664565 
0 
1006664565 
1006664565 
1006664565 
1006664565 
1006664565 
1006664565 
1006664565 
1006664565 
1006664565 
1006664565 
1006664565 
1006664565 
1006664565 
1006664565 
1006664565 
0 
0 
1006664565 
1006664565 
1006664565 
1006664565 
1006664565 
1006664565 
1006664565 
0 
0 
1006664565 
0 
1006664565 
1006664565 
1006664565 
0 
0 
0 
0 
0 
0 
0 
1006664565 
0 
0 
0 
0 
1006664565 
1006664565 
1006664565 
1006664565 
0 
0 
0 
