-227111697 
-237964899 
-270405185 
-169987139 
-63462461 
-70814019 
-1133557826 
2033115071 
-418416417 
468653832 
451878431 
1541598735 
1541775843 
-211828253 
-943803269 
-67895753 
-1913156499 
-671782657 
-239259655 
-286151439 
-533225426 
-564674977 
-13631011 
-965752629 
-805847105 
-1753234056 
-243821209 
-237047670 
1323233690 
1511936926 
-98684002 
-137969923 
-277053498 
-1770548289 
-1921020025 
-1359907049 
-1376657167 
-139472655 
1038318645 
-975309378 
-942946557 
-1148729605 
-117940360 
-126296200 
-551952393 
-1120993509 
903753441 
1407080990 
2009454622 
-1144568890 
-121928762 
2029615327 
-403670825 
-273809958 
-1343284271 
-983932941 
-471621661 
1013677149 
2087697592 
-1930982468 
-1930457465 
-1359907193 
-1375608335 
-1146101503 
1044601905 
2013134138 
-943260730 
-67605625 
-1904240781 
1895659415 
270262295 
521920287 
56353519 
-480517182 
1877467073 
2088003452 
-121914261 
-117933858 
-134219554 
468653533 
-249765391 
1508064190 
-478528029 
2087697501 
1081310332 
268233664 
1870231774 
-573077255 
521252373 
-1146154547 
1608865863 
1008592252 
1015594999 
-67354453 
-1931506437 
-112363249 
-1088554249 
449781753 
899559153 
970735166 
-1166679970 
1945659146 
-3227778 
1872137584 
24579989 
-237960819 
1389490588 
-3965444 
-1013023684 
2138438919 
-947344501 
-336050433 
148278382 
-227129841 
-220204388 
786559662 
1044256734 
-633457186 
-943278135 
-2084408377 
-111216325 
-119572232 
414193528 
737095152 
2112155423 
1541661667 
1012777955 
1014234211 
196607079 
-1895330585 
1996983535 
-269378319 
-789472015 
506707502 
506838586 
1191147004 
-1278753685 
-69469242 
-1980176501 
655855103 
521087951 
-14742577 
1436917690 
-1556356124 
1013398621 
1013677172 
-1930982472 
-1930457337 
-1661831417 
-1661873934 
-1104224271 
-1640112075 
-33685963 
-956840330 
-1081691009 
1450798831 
-1990256783 
2078117023 
-126902017 
-898643492 
-889992257 
-285722561 
-973565569 
-84412424 
536461083 
788470479 
1006514558 
-102878882 
801535997 
1724612550 
-1905464328 
-1939279658 
27066742 
-241307167 
901525218 
901660254 
-1211769762 
-1211660346 
12306374 
-118456105 
393836767 
523181039 
-299951377 
-438067230 
-1008509981 
1080786077 
2087419000 
-1913156676 
-1913679993 
-1091405945 
-1108278542 
-565308431 
-1105166761 
2113814071 
-2034514381 
2025564028 
-109512498 
662239446 
773728702 
-284218945 
-471648284 
-471517243 
2087140509 
1013382332 
-1796762696 
-1913680121 
-1661833193 
-1661799951 
2117005810 
-1067565517 
-977125287 
-1001666689 
-1202714877 
2029573880 
1886967545 
-15089897 
253411118 
-480647953 
-482876447 
1727831487 
1727822844 
-286525380 
261148310 
-847312690 
771338687 
-270591537 
866006495 
-10880002 
-1196771171 
-1129907013 
-1896907781 
1629060711 
2116647053 
520348094 
-2082353474 
2130664703 
897474033 
1656511550 
1656536124 
-410273732 
1872168844 
-227534963 
-219024979 
773059261 
1079915966 
-599903874 
-943261755 
-1006175289 
1759508159 
-688295683 
-1108183048 
-1661865487 
2085544433 
2119842897 
-975421871 
197641843 
-1144780176 
24172144 
-2122756615 
-551159817 
-1678688470 
830352929 
901667902 
1942609470 
1942455238 
-113522746 
2037479749 
654440782 
557787855 
-299947841 
63265220 
635796452 
-1129071460 
2087386244 
-1922069632 
-1930981353 
-838699121 
-1108274687 
-1102179599 
-1102946729 
-910008775 
-1001666757 
1003210427 
2021217913 
2029606393 
791334695 
253345568 
-1019755281 
-446962205 
1799117829 
1727807612 
1871953020 
1603178388 
-510197884 
-402781333 
1042051042 
396242664 
861814334 
-16908770 
-1081447544 
-1950831812 
-1859680657 
1996983519 
301050865 
586267633 
1043562030 
1043701280 
-961296960 
-894449653 
1442397127 
1442382073 
-568887047 
-284156134 
-488493282 
-503062149 
-1646009477 
-1128486020 
-1128486020 
-1886068845 
-1886068841 
-240324233 
-223481342 
1438535170 
932978814 
1875493468 
1938540490 
2033960842 
1895921998 
385972566 
272571103 
-534831905 
-471639580 
98794467 
-1129366372 
-1133823936 
-1913678976 
-1770581993 
-822972257 
-1661852430 
-1672609038 
1581546581 
-910009261 
-930100557 
-1198272845 
300998384 
309944049 
1058856727 
790355490 
-444865311 
-447224761 
-1493394395 
1866219708 
1595180220 
260305247 
66120575 
-493100432 
-224660991 
1400786673 
1434337918 
-276183938 
730386314 
2025326474 
1895397591 
-135237418 
431954399 
-509862145 
-30056882 
1043693121 
-1972663872 
-1963489273 
-285689721 
-839343624 
-836304520 
-1356644820 
-1021300968 
-528730161 
-61218875 
-1755324928 
75262716 
-543979413 
-275806324 
2138609549 
-491986369 
-283390174 
-471639582 
-1041950747 
-1129890659 
-60343172 
-1922591872 
-1922594793 
-1678610409 
-1108213006 
2121143282 
2082635379 
-909870025 
-2012493201 
948931315 
150558201 
158946809 
1057808151 
