6770 
-3914 
-4563 
-4586 
-3401 
0 
0 
0 
7193 
-1655 
-5896 
-6298 
-4881 
0 
0 
0 
3552 
-1420 
-2538 
-3414 
-4574 
0 
0 
0 
8312 
-4229 
-15110 
-9536 
-467 
0 
0 
0 
4689 
-1609 
-10507 
-5915 
1197 
0 
0 
0 
1296 
-1067 
-2876 
-3671 
-3956 
0 
0 
0 
8456 
-4981 
-13594 
-8215 
-1815 
0 
0 
0 
6934 
-3772 
-13718 
-8306 
-1203 
0 
0 
0 
6188 
-2470 
-9646 
-6164 
-3320 
0 
0 
0 
6486 
-2452 
-9331 
-5797 
-2859 
0 
0 
0 
6889 
-3694 
-13307 
-7815 
-1646 
0 
0 
0 
8544 
-4660 
-14201 
-8579 
-2147 
0 
0 
0 
7944 
-4244 
-14386 
-9111 
-1328 
0 
0 
0 
7977 
-3805 
-13842 
-7891 
-1947 
0 
0 
0 
7479 
-3458 
-4967 
-4901 
-3023 
0 
0 
0 
7006 
-4678 
-4377 
-4515 
-1881 
0 
0 
0 
6432 
-3448 
-4369 
-2653 
-5315 
0 
0 
0 
1981 
-818 
-2483 
-4438 
-2903 
0 
0 
0 
1511 
-1415 
-3557 
-3407 
-2939 
0 
0 
0 
6179 
-2459 
-3541 
-4492 
-5609 
0 
0 
0 
3102 
-1096 
-5584 
-3858 
-4206 
0 
0 
0 
846 
-776 
-1079 
-2044 
-5083 
0 
0 
0 
2144 
-657 
-3290 
-4196 
-2471 
0 
0 
0 
1207 
-497 
-2241 
-3463 
-1775 
0 
0 
0 
-1089356422 
-1091658241 
-1103133655 
-1100925181 
-1097949862 
-1089617309 
-1089820454 
-1089519529 
-1089433972 
-1093087849 
-1093315439 
-1089917391 
-1092422778 
-1089777044 
-1088494949 
-1090205251 
-1093792537 
-1101489943 
-1101395535 
-1093789165 
-1090280272 
-1090114637 
-1090294602 
-1093039802 
-1095179998 
-1095958864 
-1092282852 
-1091572263 
-1089739112 
-1090024865 
-1094564660 
-1103131969 
-1115772090 
-1102004130 
-1094824282 
-1092999341 
-1091639697 
-1090712475 
-1096336496 
-1103339329 
-1106813882 
-1104623953 
-1102939781 
-1100304786 
-1097741658 
-1100100797 
-1105411248 
-1101820372 
1036947612 
-1091864759 
-1089295731 
-1092094879 
-1094021814 
-1094584047 
-1095038386 
-1096234502 
-1096551443 
-1098144578 
-1097263718 
-1093322183 
-1092652897 
-1089534702 
-1099515804 
-1102538547 
-1091185358 
-1088214254 
-1090412190 
-1088726754 
-1087552133 
-1088625603 
-1087972755 
-1089675892 
-1092253349 
-1089275501 
-1085970799 
-1089502249 
-1088414871 
-1096411517 
-1102553720 
-1096030513 
-1089356001 
-1094166797 
-1091526745 
-1092391589 
-1099106141 
-1094773706 
-1097526712 
-1104435137 
-1094433163 
-1089611408 
-1099456799 
-1099013419 
-1120418314 
-1104453681 
-1102026046 
-1088066741 
-1090129809 
-1094777921 
-1094976852 
-1094707958 
-1092771750 
-1093035587 
-1093270764 
-1088658899 
-1086893806 
-1089763135 
-1094781293 
-1114150514 
-1099134800 
-1100146315 
-1087777616 
-1089420906 
-1091426436 
-1090214524 
-1089891260 
-1090217895 
-1091200531 
-1089566311 
-1086807827 
-1087309791 
-1088122374 
-1093913076 
-1101945125 
-1094791408 
-1090276479 
-1085378641 
-1087220019 
-1086764416 
-1088012794 
-1090222110 
-1089716774 
-1089206381 
-1087941566 
-1087805855 
-1090567492 
-1089874402 
-1089418377 
-1093403104 
-1098807963 
-1090163948 
-1088370195 
-1088009843 
-1083781713 
-1085984286 
-1089379181 
-1088669857 
-1087902370 
-1085476421 
-1085358832 
-1087670565 
-1089469375 
-1090381002 
-1095413489 
-1104111452 
-1097048771 
-1096915588 
-1097263718 
-1089829305 
-1093327240 
-1096741102 
-1096007754 
-1097423031 
-1095561845 
-1095990052 
-1096854897 
-1099534349 
-1100950469 
-1100102483 
1038640213 
-1097614376 
-1092710217 
-1096784091 
-1095475023 
-1095368814 
-1094031929 
-1095933576 
-1097351382 
-1096635736 
-1098308107 
-1102491343 
-1100557664 
-1095334254 
-1099237638 
-1111496975 
-1103966468 
-1092775122 
-1092236491 
-1087413050 
-1087784781 
-1089683900 
-1095286207 
-1092991755 
-1090795925 
-1093521957 
-1094849570 
-1095958021 
-1095555101 
-1098345195 
-1106468281 
-1106316554 
-1095199385 
-1100380649 
-1095199385 
-1094301666 
-1096406459 
-1099842861 
-1094570560 
-1094702900 
-1098540755 
-1107713910 
-1138314939 
-1127512183 
1016990869 
-1108287102 
-1121868151 
-1096747002 
-1104131682 
-1102204747 
-1095809666 
-1100377278 
-1100744794 
-1093852385 
-1091136469 
-1088127432 
-1090501119 
-1102289040 
-1107912842 
1035986673 
-1101586037 
-1108300589 
-1090391539 
-1093892003 
-1092194344 
-1089188258 
-1093882730 
-1092861101 
-1089370330 
-1090038773 
-1086619432 
-1086415022 
-1089356422 
-1091658241 
-1103133655 
-1100925181 
-1097949862 
-1089617309 
-1089820454 
-1089519529 
-1089433972 
-1093087849 
-1093315439 
-1089917391 
-1092422778 
-1089777044 
-1088494949 
-1090205251 
-1093792537 
-1101489943 
-1101395535 
-1093789165 
-1090280272 
-1090114637 
-1090294602 
-1093039802 
-1095179998 
-1095958864 
-1092282852 
-1091572263 
-1089739112 
-1090024865 
-1094564660 
-1103131969 
-1115772090 
-1102004130 
-1094824282 
-1092999341 
-1091639697 
-1090712475 
-1096336496 
-1103339329 
-1106813882 
-1104623953 
-1102939781 
-1100304786 
-1097741658 
-1100100797 
-1105411248 
-1101820372 
-1082784136 
-1081757581 
-1081296931 
-1081292568 
-1080577877 
-1082137936 
-1081415699 
-1080796819 
-1080004151 
-1080087820 
-1080264832 
-1079642537 
-1080222903 
-1079599660 
-1080798906 
-1081955084 
-1080415853 
-1079548814 
-1079601936 
-1081100757 
-1083736930 
-1085619752 
-1085301775 
-1083997232 
-1081999480 
-1088053153 
-1101194497 
-1085798472 
-1083867081 
-1083294494 
-1081418924 
-1080349829 
-1080019709 
-1080065622 
-1079126678 
-1080206208 
-1080056136 
-1080527031 
-1080028246 
-1080563268 
-1081456110 
-1081868001 
-1080934938 
-1080051772 
-1081151603 
-1082495755 
-1081345311 
-1081315335 
-1081737660 
-1081009879 
-1081927005 
-1082598965 
-1087167142 
-1083506226 
-1081141927 
-1087429720 
-1127178411 
-1091797316 
-1089217300 
-1087484361 
-1084841883 
-1082030405 
-1082317794 
-1083760077 
-1083242509 
-1083799160 
-1082520040 
-1083615886 
-1083042540 
-1083744899 
-1083929310 
-1084385787 
-1082195232 
-1081397865 
-1081718119 
-1083266035 
-1083463348 
-1084873757 
-1086140734 
-1085091940 
-1087159173 
-1088197344 
-1094908791 
-1087893026 
-1083414399 
-1086889765 
1022527285 
-1095311006 
-1088366578 
-1085508194 
-1082331834 
-1081919985 
-1084083746 
-1084864650 
-1086321731 
-1085656559 
-1084458641 
-1085497190 
-1083715302 
-1084386925 
-1084943575 
-1085829966 
-1084208205 
-1081801028 
-1082483613 
-1084690863 
-1086411660 
-1086674998 
-1088111588 
-1087278700 
-1086281889 
-1087306399 
-1089418787 
-1084823670 
-1084571716 
-1085337063 
1019928824 
-1096666395 
-1088894010 
-1087331822 
-1084674167 
-1085906615 
-1085666804 
-1084206308 
-1086931505 
-1087073798 
-1084182402 
-1084147873 
-1082733290 
-1082628942 
-1084546673 
-1085622029 
-1083614748 
-1081454213 
-1081838783 
-1082463123 
-1084949647 
-1085812512 
-1088117280 
-1089983406 
-1089096256 
-1090792537 
-1094002668 
-1088005722 
-1087737452 
-1087439586 
1023436211 
-1097410113 
-1090393210 
-1089178597 
-1087192185 
-1088248569 
-1086332735 
-1083925516 
-1085410297 
-1085224367 
-1082884690 
-1081767637 
-1080894337 
-1080635364 
-1083922860 
-1085439135 
-1082170568 
-1081198465 
-1081282892 
-1081675621 
-1082644120 
-1083638653 
-1086044355 
-1088832540 
-1089129268 
-1089398297 
-1092398362 
-1088777899 
-1086530048 
-1088935750 
1028784912 
-1098200883 
-1090756869 
-1089964434 
-1085704749 
-1084254498 
-1081451936 
-1080551126 
-1080523616 
-1080552454 
-1081358023 
-1081627810 
-1081327667 
-1081011586 
-1085603815 
-1088108553 
-1084207446 
-1082501447 
-1081561597 
-1081004377 
-1081105120 
-1081687573 
-1081672585 
-1081544142 
-1081626672 
-1082770476 
-1086643883 
-1086866619 
-1083660282 
-1088609804 
1029592378 
-1098545422 
-1089854394 
-1089112573 
-1085353000 
-1084347462 
-1082598586 
-1081418165 
-1081022970 
-1080567442 
-1081154069 
-1081020883 
-1080846337 
-1080271852 
-1082042357 
-1083774875 
-1081311161 
-1081565012 
-1081551921 
-1081305090 
-1081872934 
-1082716974 
-1081778072 
-1081281184 
-1081116504 
-1081313437 
-1083741863 
-1088493313 
-1086876105 
-1091698659 
1030090214 
-1097098207 
-1089687437 
-1089252210 
-1087371664 
-1086486791 
-1086985766 
-1086365747 
-1085265727 
-1084109548 
-1083097560 
-1081989804 
-1081414560 
-1081030938 
-1082014468 
-1082932500 
-1081546229 
-1081910309 
-1081377185 
-1080800993 
-1081359730 
-1082290094 
-1083595017 
-1085402328 
-1086027279 
-1086161225 
-1087658148 
-1092880261 
-1090279755 
-1092268590 
1036460158 
-1097269717 
-1091363986 
-1089414613 
-1087267316 
-1086906461 
-1087705199 
-1087075695 
-1086448846 
-1086574064 
-1085090042 
-1083865943 
-1083905405 
-1082810318 
-1082990556 
-1084029105 
-1083905026 
-1084473439 
-1083094904 
-1081857566 
-1082529147 
-1083333956 
-1084451811 
-1085310881 
-1087859255 
-1090996680 
-1095109139 
-1096283152 
-1091755576 
-1093082127 
1040350028 
-1097110349 
-1093591347 
-1093625497 
-1090532994 
-1087566701 
-1086201826 
-1085186422 
-1084677582 
-1085212225 
-1085153410 
-1084514799 
-1085755215 
-1085290771 
-1084698073 
-1084680997 
-1083771081 
-1084442324 
-1084127382 
-1084854026 
-1086169573 
-1084992524 
-1086000718 
-1086708010 
