104648 
-120074 
-15942 
-119788 
-130570 
-117867 
-114849 
-129579 
9510 
-70889 
21864 
-71472 
-79846 
-72638 
-68841 
-64777 
114147 
-135437 
-10545 
-144842 
-151136 
-141874 
-135328 
-152665 
44517 
-78641 
3997 
-80301 
-90558 
-78518 
-79482 
-78300 
13046 
-57819 
8949 
-53829 
-65037 
-58481 
-57759 
-56102 
91540 
-122100 
883 
-132439 
-137719 
-126409 
-120800 
-130633 
47961 
-70091 
-442 
-69002 
-79640 
-70352 
-66070 
-75577 
107733 
-127133 
-8002 
-132596 
-139927 
-129577 
-122694 
-138590 
104925 
-126611 
-8243 
-137734 
-147597 
-134367 
-127303 
-143654 
40610 
-71822 
9927 
-74302 
-84352 
-78322 
-72840 
-78300 
95493 
-107675 
-13082 
-108211 
-120659 
-110618 
-105454 
-119296 
9826 
-60173 
10412 
-56218 
-67135 
-59129 
-57528 
-56174 
29290 
-85749 
15019 
-93046 
-99102 
-87140 
-85041 
-85536 
43583 
-68630 
400 
-75917 
-76505 
-70449 
-66529 
-72539 
3187 
-26927 
4321 
-31107 
-31173 
-30052 
-26759 
-27374 
913 
-33655 
936 
-32570 
-37722 
-34648 
-29976 
-31687 
-14948 
-13477 
7042 
-16929 
-20120 
-20080 
-17382 
-16150 
48625 
-63253 
-7400 
-71265 
-75023 
-72184 
-62902 
-75725 
39532 
-64101 
-1003 
-72742 
-79250 
-72182 
-67538 
-75741 
44661 
-79686 
5411 
-88811 
-95246 
-86072 
-81580 
-87041 
18348 
-48187 
9894 
-57564 
-66957 
-59562 
-55846 
-58803 
-8840 
-24181 
11036 
-28377 
-32942 
-28078 
-27428 
-26485 
-20604 
-11022 
-1444 
-3212 
-17054 
-9648 
-8107 
-6794 
-17502 
-14691 
8657 
-16735 
-23335 
-21007 
-19175 
-17148 
-13783 
-12069 
3968 
-8992 
-16533 
-15647 
-13610 
-10712 
-25558 
-11410 
-102 
-401 
-14545 
-11162 
-6918 
-5404 
15129 
-41073 
2987 
-47927 
-48860 
-46559 
-40379 
-42314 
98550 
-117379 
-13951 
-124464 
-136604 
-125217 
-120510 
-135893 
21704 
-90864 
14953 
-94928 
-102986 
-92388 
-91202 
-84256 
19338 
-54841 
5181 
-57706 
-64828 
-57494 
-52535 
-57167 
14707 
-37899 
-10271 
-42591 
-45296 
-42332 
-34430 
-38052 
-17795 
-12873 
7155 
-15522 
-20545 
-19435 
-16455 
-14902 
79229 
-114002 
3726 
-122733 
-126640 
-115425 
-112554 
-116141 
-19078 
-14435 
8265 
-15761 
-22515 
-19692 
-17710 
-15772 
20950 
-36946 
-6044 
-45839 
-44422 
-43559 
-36673 
-39731 
3424 
-36090 
1220 
-45808 
-49745 
-46981 
-40367 
-42974 
-12353 
-12030 
6941 
-13547 
-17317 
-17577 
-16031 
-14362 
-11630 
-22596 
6912 
-19855 
-28949 
-19897 
-20122 
-19010 
-19293 
-26460 
-1198 
-8354 
-30528 
-22554 
-13571 
-21149 
-4572 
-35580 
4885 
-44636 
-50706 
-44037 
-39916 
-41211 
557 
-25713 
3490 
-31656 
-33431 
-29811 
-27559 
-27065 
-37399 
-19954 
-6823 
623 
-24838 
-17163 
-6518 
-13308 
-87 
-28622 
-4802 
-20845 
-31520 
-24172 
-22854 
-24655 
-27822 
-16584 
2205 
-10948 
-22739 
-13601 
-14555 
-10079 
-29391 
-30654 
-11840 
-7280 
-35239 
-27962 
-16154 
-27443 
-23429 
-38189 
-11767 
-14891 
-41646 
-34250 
-22713 
-35345 
980 
-27857 
10060 
-31163 
-32786 
-32715 
-30258 
-28758 
-6368 
-34914 
3601 
-42132 
-46300 
-41603 
-38779 
-37402 
19489 
-44388 
-4816 
-53559 
-55281 
-54225 
-47688 
-49803 
-13811 
-9901 
4718 
-8882 
-14795 
-14007 
-11394 
-9425 
-26556 
-11208 
-3545 
-1026 
-15809 
-9382 
-8181 
-4803 
-16765 
-10435 
2438 
-11364 
-18720 
-13106 
-13588 
-12033 
-13716 
-10411 
6442 
-15297 
-19027 
-18416 
-15556 
-15336 
-16656 
-13413 
2267 
-6469 
-18948 
-13482 
-9270 
-9478 
-6241 
-15660 
7775 
-18677 
-21977 
-15453 
-16922 
-15287 
-12840 
-37437 
13740 
-34576 
-44123 
-43670 
-40382 
-39012 
-16115 
-14299 
5944 
-14803 
-21576 
-19657 
-17189 
-14914 
-27850 
-13273 
-444 
-1952 
-16794 
-12682 
-8648 
-6940 
-6884 
-13752 
2370 
-15966 
-20517 
-19587 
-15498 
-16690 
-25132 
-13218 
-4073 
2081 
-14753 
-10752 
-6752 
-4828 
12050 
-31679 
3408 
-36608 
-37460 
-36780 
-32021 
-35483 
-1206 
-34410 
597 
-23905 
-35900 
-28476 
-24905 
-28139 
-52250 
-19199 
-10132 
7397 
-21085 
-13511 
-2175 
-9088 
-5487 
-38693 
7612 
-39662 
-48327 
-41194 
-39327 
-39204 
-8500 
-33622 
14886 
-40479 
-45826 
-37566 
-35074 
-35894 
-8568 
-23610 
-7121 
-21481 
-29487 
-25317 
-25986 
-24121 
-47618 
-19417 
-10923 
6433 
-21866 
-13962 
-2298 
-10182 
-6634 
-31447 
10460 
-35252 
-34831 
-39285 
-31448 
-33784 
-23318 
-20069 
3307 
-12656 
-25313 
-15024 
-15482 
-13983 
5618 
-74287 
23561 
-73093 
-82150 
-73163 
-69719 
-66093 
60077 
-119944 
14527 
-124491 
-128729 
-122778 
-116912 
-121042 
-7797 
-40448 
5847 
-51306 
-55204 
-50730 
-46244 
-48147 
-10576 
-13632 
-2154 
-10815 
-17620 
-19039 
-13493 
-13660 
-5489 
-38518 
8462 
-39049 
-43249 
-46524 
-41939 
-42275 
-22360 
-16494 
10789 
-17673 
-26125 
-21809 
-20535 
-17994 
-1324 
-22551 
6110 
-23247 
-28000 
-25743 
-23760 
-25306 
-25041 
-22981 
-8527 
-5625 
-27063 
-17087 
-11583 
-14279 
19302 
-56120 
1294 
-56209 
-69159 
-62295 
-60021 
-61813 
2703 
-41463 
9303 
-42897 
-44310 
-46300 
-41043 
-43116 
-41865 
-15815 
-15594 
10431 
-16762 
-8721 
-1598 
-5204 
41027 
-75061 
14144 
-79182 
-87383 
-79895 
-75107 
-80576 
5963 
-50504 
6476 
-59207 
-67618 
-63222 
-54162 
-57140 
-13764 
-15798 
-1612 
-12599 
-18548 
-14885 
-13837 
-11909 
-5252 
-38626 
14541 
-40669 
-42960 
-45809 
-39391 
-40313 
-27251 
-14450 
-2761 
791 
-15116 
-12398 
-7370 
-6379 
-59580 
-31886 
-12612 
6782 
-37719 
-25151 
-12263 
-20336 
-26569 
-14113 
-2125 
-2536 
-16415 
-11444 
-10470 
-7403 
-34503 
-21262 
-730 
-1626 
-28504 
-19775 
-8255 
-13078 
-30813 
-18251 
-6968 
-23 
-22363 
-15659 
-6468 
-13264 
-25137 
-10529 
-1030 
3290 
-11861 
-9070 
-3856 
-2409 
-17165 
-12057 
-825 
-2667 
-13776 
-12495 
-8085 
-5451 
3331 
-22591 
5421 
-25694 
-27658 
-26548 
-23405 
-25201 
-15848 
-9489 
4780 
-13762 
-20075 
-17266 
-15212 
-15121 
-50737 
-16921 
-10856 
7789 
-20239 
-12227 
-1713 
-7817 
-15158 
-28472 
15283 
-29816 
-37157 
-29031 
-29658 
-27559 
12025 
-34118 
-12088 
-27437 
-33519 
-30082 
-26859 
-31639 
-35127 
-26867 
-8830 
-4199 
-31240 
-21298 
-10364 
-19098 
-19670 
-11582 
7934 
-14113 
-20187 
-18085 
-15829 
-13122 
-30316 
-11938 
-6147 
1254 
-15087 
-8748 
-6472 
-3605 
1666 
-24228 
4356 
-24227 
-28215 
-25000 
-23278 
-25627 
