1006664565 
0 
0 
0 
0 
0 
0 
0 
0 
0 
0 
0 
0 
0 
0 
0 
0 
0 
0 
0 
0 
0 
0 
0 
0 
0 
0 
0 
0 
0 
1006664565 
0 
0 
0 
1006664565 
1006664565 
1006664565 
0 
0 
1006664565 
1015053173 
1006664565 
1006664565 
1006664565 
1015053173 
1019263280 
1023441781 
1023441781 
1019263280 
1019263280 
1019263280 
1015053173 
1019263280 
1015053173 
1006664565 
1006664565 
1006664565 
1015053173 
1019263280 
1019263280 
1019263280 
1019263280 
1023441781 
1025546834 
1023441781 
1019263280 
1015053173 
1015053173 
1015053173 
1006664565 
1006664565 
1006664565 
1006664565 
1006664565 
1006664565 
1006664565 
1006664565 
1006664565 
1006664565 
1029756941 
0 
0 
0 
0 
0 
0 
0 
0 
0 
0 
0 
0 
0 
0 
0 
0 
0 
0 
0 
0 
0 
0 
0 
0 
1006664565 
1015053173 
1015053173 
1015053173 
1015053173 
1006664565 
1006664565 
0 
0 
0 
0 
0 
0 
0 
1006664565 
0 
0 
1006664565 
1006664565 
1006664565 
1006664565 
1006664565 
1015053173 
1015053173 
1015053173 
1006664565 
1006664565 
1006664565 
0 
1006664565 
1006664565 
1006664565 
1006664565 
1006664565 
1006664565 
1006664565 
1006664565 
0 
0 
0 
0 
0 
0 
0 
0 
1006664565 
1006664565 
1006664565 
1006664565 
1015053173 
1015053173 
1015053173 
1015053173 
1015053173 
1015053173 
1015053173 
1019263280 
1019263280 
1023441781 
1025546834 
1023441781 
1023441781 
1023441781 
1023441781 
1019263280 
1019263280 
1015053173 
1015053173 
1019263280 
1019263280 
1019263280 
1015053173 
1015053173 
1015053173 
1019263280 
1015053173 
1015053173 
1015053173 
1015053173 
1015053173 
1015053173 
1019263280 
1019263280 
1015053173 
1015053173 
1019263280 
1019263280 
1015053173 
1006664565 
1006664565 
1015053173 
1015053173 
1015053173 
1015053173 
1015053173 
1019263280 
1015053173 
1015053173 
1015053173 
1006664565 
1006664565 
1006664565 
1015053173 
1006664565 
1006664565 
1006664565 
1006664565 
1006664565 
1006664565 
1006664565 
1006664565 
1006664565 
1006664565 
1006664565 
1006664565 
1006664565 
1006664565 
1006664565 
1015053173 
1015053173 
1015053173 
1015053173 
1019263280 
1023441781 
1019263280 
1006664565 
1006664565 
1006664565 
0 
0 
0 
0 
0 
0 
0 
0 
1006664565 
1006664565 
1006664565 
1006664565 
1006664565 
0 
0 
0 
0 
0 
0 
0 
0 
0 
0 
0 
0 
0 
0 
0 
0 
0 
0 
0 
0 
0 
0 
0 
0 
0 
0 
0 
0 
1006664565 
1006664565 
1006664565 
0 
0 
1006664565 
1006664565 
1015053173 
1015053173 
1019263280 
1015053173 
1015053173 
1023441781 
1029756941 
1023441781 
1023441781 
1019263280 
1019263280 
1019263280 
1025546834 
1019263280 
1006664565 
0 
1006664565 
1006664565 
1015053173 
1019263280 
1023441781 
1019263280 
1015053173 
1015053173 
1015053173 
1015053173 
1015053173 
1015053173 
1015053173 
1006664565 
1006664565 
1006664565 
1006664565 
1006664565 
1006664565 
1006664565 
1006664565 
1006664565 
1015053173 
1036040496 
0 
0 
0 
0 
0 
0 
0 
0 
0 
0 
0 
0 
0 
0 
0 
0 
0 
0 
0 
0 
0 
0 
0 
0 
0 
1006664565 
1025546834 
1023441781 
1019263280 
1006664565 
0 
0 
1006664565 
1006664565 
0 
0 
0 
0 
0 
0 
0 
0 
0 
0 
0 
1006664565 
1006664565 
1006664565 
1006664565 
1006664565 
1006664565 
1006664565 
1006664565 
1006664565 
1006664565 
1015053173 
1019263280 
1019263280 
1019263280 
1015053173 
1006664565 
0 
0 
0 
0 
0 
0 
0 
0 
0 
1006664565 
1015053173 
1015053173 
1015053173 
1019263280 
1019263280 
1019263280 
1015053173 
1015053173 
1015053173 
