1019263280 
1015053173 
1006664565 
1015053173 
1006664565 
0 
0 
0 
0 
0 
0 
0 
1006664565 
0 
0 
0 
0 
1006664565 
1006664565 
1019263280 
1019263280 
1015053173 
1015053173 
1006664565 
1006664565 
0 
0 
0 
0 
1006664565 
1006664565 
1006664565 
1006664565 
0 
0 
0 
0 
0 
0 
0 
0 
0 
0 
0 
0 
0 
0 
0 
0 
0 
0 
1006664565 
1006664565 
0 
0 
0 
0 
0 
0 
0 
0 
0 
0 
0 
0 
0 
1006664565 
0 
1006664565 
1006664565 
1006664565 
0 
0 
0 
1006664565 
0 
0 
0 
0 
0 
0 
0 
0 
0 
0 
0 
0 
0 
1006664565 
1006664565 
1006664565 
0 
0 
0 
0 
0 
1006664565 
1006664565 
1006664565 
1015053173 
1019263280 
1015053173 
1006664565 
1006664565 
1006664565 
1015053173 
1015053173 
1006664565 
1006664565 
1006664565 
1006664565 
1015053173 
1019263280 
1025546834 
1023441781 
1019263280 
1019263280 
1019263280 
1015053173 
1015053173 
1015053173 
1023441781 
1031830389 
1034987969 
1041271524 
1042850314 
1045481630 
1050712658 
1006664565 
0 
0 
0 
0 
0 
0 
0 
0 
0 
0 
0 
1006664565 
0 
0 
0 
1006664565 
0 
0 
0 
0 
0 
0 
0 
0 
0 
0 
0 
0 
0 
1006664565 
1006664565 
1006664565 
1006664565 
1006664565 
1006664565 
0 
0 
0 
1006664565 
1015053173 
1015053173 
1006664565 
1006664565 
1006664565 
1006664565 
0 
1006664565 
1006664565 
1006664565 
1006664565 
1006664565 
1006664565 
1006664565 
1006664565 
1006664565 
1006664565 
1006664565 
1015053173 
1015053173 
1015053173 
1015053173 
1015053173 
1015053173 
1006664565 
1006664565 
0 
0 
0 
0 
0 
0 
0 
0 
0 
0 
0 
0 
0 
1006664565 
1006664565 
1006664565 
1006664565 
1006664565 
1006664565 
1006664565 
1015053173 
1006664565 
0 
0 
1006664565 
1015053173 
1023441781 
1006664565 
1006664565 
1006664565 
1006664565 
1006664565 
1006664565 
1006664565 
1006664565 
1006664565 
1015053173 
1006664565 
1006664565 
1006664565 
1006664565 
1015053173 
1019263280 
1023441781 
1023441781 
1019263280 
1015053173 
1006664565 
1006664565 
1006664565 
1006664565 
0 
0 
0 
0 
0 
0 
0 
0 
0 
0 
0 
1006664565 
1006664565 
1006664565 
1006664565 
1006664565 
1006664565 
0 
0 
0 
0 
0 
0 
0 
0 
0 
0 
0 
0 
0 
0 
0 
0 
0 
0 
0 
0 
0 
0 
0 
0 
0 
0 
0 
0 
0 
0 
1006664565 
0 
1006664565 
0 
0 
0 
0 
0 
0 
0 
0 
0 
0 
1006664565 
1006664565 
1006664565 
1015053173 
1006664565 
1006664565 
0 
0 
0 
0 
0 
1006664565 
0 
1006664565 
0 
0 
0 
0 
0 
0 
0 
0 
0 
1006664565 
0 
0 
0 
0 
0 
0 
0 
0 
0 
0 
1006664565 
1019263280 
1006664565 
1006664565 
1006664565 
1006664565 
1006664565 
1006664565 
1006664565 
1006664565 
1006664565 
1015053173 
1015053173 
1019263280 
1019263280 
1019263280 
1015053173 
1015053173 
1015053173 
1015053173 
1015053173 
1023441781 
1029756941 
1036040496 
1036040496 
1039198075 
1039198075 
1041797787 
1048607605 
1006664565 
0 
0 
0 
0 
0 
0 
0 
0 
0 
0 
0 
1006664565 
1006664565 
1006664565 
1006664565 
1006664565 
1006664565 
1006664565 
0 
0 
0 
0 
0 
0 
0 
0 
0 
0 
0 
1006664565 
0 
