12667 
12355 
31153 
0 
13553 
12701 
30568 
0 
15448 
13396 
41421 
0 
13206 
13652 
30608 
0 
9449 
11343 
29219 
0 
14681 
12928 
32286 
0 
13958 
13795 
32006 
0 
13726 
13909 
30639 
0 
13302 
13891 
31258 
0 
13117 
13682 
31294 
0 
13912 
14011 
30711 
0 
13817 
13901 
31025 
0 
13375 
13722 
31004 
0 
13467 
13885 
30759 
0 
12405 
12207 
30999 
0 
12757 
11915 
29739 
0 
12125 
12610 
31073 
0 
15320 
13360 
34520 
0 
14573 
13083 
32142 
0 
12656 
12285 
29871 
0 
13256 
12799 
31999 
0 
20267 
15919 
48473 
0 
14776 
12960 
33160 
0 
23457 
17442 
66111 
0 
1006664565 
0 
1006664565 
0 
0 
0 
1006664565 
1006664565 
1006664565 
1006664565 
1006664565 
1006664565 
1006664565 
0 
1006664565 
0 
1006664565 
1006664565 
1006664565 
1015053173 
1006664565 
1006664565 
1006664565 
1006664565 
1006664565 
0 
1006664565 
1006664565 
1006664565 
1006664565 
1006664565 
1006664565 
1006664565 
1006664565 
1006664565 
1006664565 
1006664565 
1006664565 
1006664565 
1006664565 
1006664565 
1006664565 
1006664565 
1006664565 
1006664565 
1006664565 
1015053173 
1015053173 
1019263280 
1019263280 
1015053173 
1019263280 
1023441781 
1023441781 
1025546834 
1023441781 
1019263280 
1015053173 
1015053173 
1015053173 
1023441781 
1032882916 
1039198075 
1040218997 
1039198075 
1048112947 
1058575003 
1057654042 
1041271524 
1033935442 
1036040496 
1039198075 
1038145549 
1036040496 
1036040496 
1033935442 
1029756941 
1023441781 
1019263280 
1032882916 
1015053173 
0 
0 
0 
1006664565 
1006664565 
1006664565 
1015053173 
1019263280 
1023441781 
1031830389 
1040218997 
1046534157 
1052817712 
1050712658 
1039198075 
1031830389 
1029756941 
1025546834 
1023441781 
1023441781 
1023441781 
1019263280 
1019263280 
1019263280 
1019263280 
1015053173 
1019263280 
1015053173 
1015053173 
1015053173 
1015053173 
1006664565 
1015053173 
1006664565 
1006664565 
1006664565 
1006664565 
1006664565 
1006664565 
1006664565 
1006664565 
1006664565 
1006664565 
1015053173 
1015053173 
1019263280 
1023441781 
1023441781 
1027651888 
1027651888 
1029756941 
1019263280 
1006664565 
1006664565 
1006664565 
1006664565 
1006664565 
1006664565 
1006664565 
1006664565 
1006664565 
1006664565 
1006664565 
1006664565 
1006664565 
1006664565 
1006664565 
1006664565 
1006664565 
1006664565 
1006664565 
1006664565 
1006664565 
1006664565 
1006664565 
1006664565 
1006664565 
1006664565 
1006664565 
1006664565 
1006664565 
1006664565 
0 
0 
1006664565 
1006664565 
1006664565 
1006664565 
1006664565 
1006664565 
1006664565 
1006664565 
1006664565 
1006664565 
1006664565 
1006664565 
1006664565 
1006664565 
0 
0 
0 
0 
0 
1006664565 
1006664565 
1006664565 
1006664565 
1006664565 
1006664565 
1006664565 
1006664565 
1006664565 
1006664565 
1006664565 
1006664565 
1006664565 
1015053173 
1015053173 
1006664565 
1006664565 
1006664565 
1006664565 
1006664565 
1006664565 
1006664565 
1006664565 
1006664565 
1006664565 
1006664565 
1006664565 
1006664565 
1006664565 
0 
0 
0 
0 
0 
0 
0 
0 
0 
1006664565 
1006664565 
0 
1006664565 
1006664565 
0 
0 
0 
0 
0 
0 
0 
1006664565 
1006664565 
0 
0 
0 
0 
0 
0 
0 
0 
0 
0 
0 
1006664565 
1006664565 
1006664565 
1006664565 
0 
0 
0 
0 
0 
0 
1006664565 
1006664565 
1006664565 
1006664565 
1006664565 
1006664565 
1006664565 
0 
1006664565 
1006664565 
1006664565 
1006664565 
1006664565 
1006664565 
1006664565 
1006664565 
1006664565 
1006664565 
1006664565 
1006664565 
1006664565 
1006664565 
1006664565 
1006664565 
1006664565 
1006664565 
1006664565 
1006664565 
1006664565 
1006664565 
1015053173 
1019263280 
1019263280 
1015053173 
1019263280 
1019263280 
1023441781 
1023441781 
1019263280 
1019263280 
1015053173 
1015053173 
1015053173 
1019263280 
1027651888 
1033935442 
1040218997 
