6801 
0 
0 
0 
8843 
0 
0 
0 
1135 
0 
0 
0 
6236 
0 
0 
0 
336 
0 
0 
0 
5 
0 
0 
0 
222 
0 
0 
0 
101 
0 
0 
0 
7891 
0 
0 
0 
1006664565 
1006664565 
1006664565 
1006664565 
1006664565 
1006664565 
1006664565 
1006664565 
1006664565 
1006664565 
1006664565 
1006664565 
1006664565 
1006664565 
1006664565 
0 
0 
0 
1006664565 
0 
0 
0 
1006664565 
0 
0 
0 
1006664565 
0 
0 
0 
1006664565 
0 
1006664565 
1006664565 
1006664565 
0 
0 
0 
0 
0 
0 
0 
0 
1006664565 
1006664565 
1006664565 
1006664565 
1006664565 
1006664565 
1006664565 
1015053173 
1006664565 
0 
0 
0 
0 
0 
0 
0 
0 
0 
1006664565 
1006664565 
0 
0 
0 
1006664565 
1006664565 
1015053173 
1006664565 
1006664565 
1006664565 
1006664565 
1006664565 
1015053173 
1015053173 
1006664565 
1006664565 
1006664565 
0 
0 
1006664565 
1006664565 
1006664565 
0 
0 
1006664565 
0 
1006664565 
1006664565 
1006664565 
1006664565 
1006664565 
1006664565 
1015053173 
1015053173 
1015053173 
1015053173 
1019263280 
1015053173 
1015053173 
1015053173 
1006664565 
1006664565 
1006664565 
1015053173 
1015053173 
1015053173 
1006664565 
1006664565 
1006664565 
1006664565 
1006664565 
1015053173 
1015053173 
1006664565 
1015053173 
1015053173 
1015053173 
1006664565 
1006664565 
1006664565 
1006664565 
1006664565 
1006664565 
1015053173 
1006664565 
0 
0 
0 
0 
0 
0 
0 
0 
0 
0 
0 
0 
0 
0 
0 
0 
0 
0 
0 
0 
0 
1006664565 
1006664565 
1006664565 
1006664565 
1006664565 
1006664565 
1006664565 
1006664565 
1006664565 
1006664565 
1006664565 
1015053173 
1015053173 
1015053173 
1015053173 
1015053173 
1015053173 
1015053173 
1015053173 
1015053173 
1019263280 
1023441781 
1025546834 
1029756941 
1029756941 
1037093022 
1048607605 
1056501555 
1054396501 
1037093022 
1019263280 
1015053173 
1015053173 
1015053173 
1015053173 
1006664565 
1006664565 
1006664565 
1006664565 
1031830389 
1006664565 
0 
0 
0 
0 
0 
0 
0 
0 
1006664565 
1006664565 
1015053173 
1019263280 
1015053173 
1015053173 
1006664565 
1006664565 
1006664565 
1006664565 
1015053173 
1015053173 
1015053173 
1006664565 
1006664565 
1006664565 
1006664565 
1006664565 
1006664565 
1006664565 
1015053173 
1025546834 
1025546834 
1019263280 
1019263280 
1015053173 
1006664565 
1006664565 
1006664565 
1006664565 
1006664565 
1015053173 
1023441781 
1033935442 
1042324050 
1037093022 
1023441781 
1015053173 
1015053173 
1006664565 
1006664565 
1006664565 
1006664565 
1006664565 
1006664565 
1006664565 
0 
1006664565 
1006664565 
1006664565 
1006664565 
1006664565 
1006664565 
1006664565 
1006664565 
1006664565 
1006664565 
1006664565 
0 
0 
0 
0 
0 
0 
0 
0 
0 
1006664565 
0 
0 
0 
0 
0 
0 
0 
0 
1006664565 
1006664565 
1006664565 
0 
0 
0 
0 
0 
0 
1006664565 
1006664565 
1006664565 
1006664565 
1006664565 
1006664565 
1015053173 
1019263280 
1023441781 
1015053173 
1006664565 
1006664565 
0 
0 
0 
0 
0 
0 
0 
0 
1006664565 
0 
1006664565 
1006664565 
1015053173 
1015053173 
1019263280 
1015053173 
1015053173 
1006664565 
1006664565 
1006664565 
1006664565 
1015053173 
1006664565 
1006664565 
1006664565 
0 
1006664565 
1006664565 
1006664565 
1006664565 
0 
0 
0 
0 
0 
0 
1006664565 
1006664565 
1006664565 
1006664565 
1006664565 
1006664565 
1015053173 
1006664565 
1006664565 
1015053173 
1015053173 
1015053173 
1015053173 
1015053173 
1006664565 
1006664565 
1006664565 
1015053173 
1006664565 
1006664565 
1015053173 
1006664565 
1006664565 
1015053173 
1019263280 
1019263280 
1019263280 
1015053173 
1015053173 
1006664565 
1006664565 
1006664565 
1006664565 
1006664565 
