2131586046 
1066702694 
-883264533 
-606614353 
150539772 
2046332810 
472104922 
1072763172 
-505166226 
532932171 
-2031157782 
1217919100 
-570698756 
-1342637803 
933755025 
534916991 
1107235637 
-1000898961 
-601601473 
-1964048919 
1289205884 
-1107569736 
930183445 
2007463825 
-17613889 
1608594255 
532932174 
497280588 
-823140886 
1284505532 
-1644440584 
670103957 
-1216743663 
1341072051 
2129985073 
-29473841 
1711268905 
-1085550899 
577978276 
573698032 
-280891632 
-35358850 
-1077656449 
1065864284 
2147223696 
501193672 
160567161 
-135038337 
574750242 
1995644913 
1610499567 
-365035962 
-1131684131 
-71530181 
-1747067945 
-1861025911 
-1078480513 
1375605291 
1868558626 
1684297712 
-909378498 
-1988347780 
-1115424580 
1889106893 
-1593865838 
-232178889 
1867395407 
-1102685197 
-335782300 
-1127846019 
948720632 
426757565 
-377877895 
498988975 
340783859 
2068787473 
1151566967 
-1931706398 
211025863 
-1697890428 
1241421821 
-574750769 
670634319 
933730193 
603139897 
1995710451 
-1077779081 
-557858202 
2139942652 
-671855472 
-1994531365 
-16149761 
-759448742 
-134264321 
-26773522 
-64599553 
-898699799 
-993165436 
-1784833069 
-15095823 
848549753 
1043415537 
1144779631 
1044529820 
-1974485528 
-930038652 
-1650484273 
-107343879 
700184487 
845083122 
-148441887 
-496722843 
1315826239 
-858289969 
2112601351 
-1860110183 
1381142512 
2086290558 
1518070596 
-9855029 
1065864348 
1136938196 
215981008 
2039123953 
-235788513 
-504294385 
1731638287 
1070751653 
667418021 
-1363771899 
-872696537 
771241916 
-14733005 
-1288214860 
389960039 
336720147 
-470683149 
2115911266 
-2113782200 
-1124735074 
-943421068 
-848705108 
-911343917 
-225718963 
751037869 
1030726351 
-1502001218 
-1612983812 
419428629 
-1350926447 
1595876287 
-167891166 
-1035638794 
-1612428737 
-156308266 
-1245709457 
-1612895429 
-286429324 
-576323990 
-142011489 
-7794153 
-1679861361 
-78844326 
-1289240905 
703893980 
690110253 
1039508023 
-1534073559 
-956338705 
2089322492 
-1650731012 
288356639 
-80371457 
-225182435 
-7714265 
1769966120 
-1169457347 
-694687452 
732214515 
959951834 
-483134659 
989556545 
606616614 
1867376188 
1288731850 
1305193788 
1811324653 
-1217991059 
-77857884 
1275056531 
1659164411 
962020724 
-1360334977 
-1815517862 
-1116487579 
2005979107 
2039019681 
-1036007461 
-233758143 
-1637535962 
2103960130 
603539262 
1016777417 
-785863026 
-162627846 
-1397845717 
-1893110809 
-480625502 
615764719 
-1616989057 
-225888093 
1181707620 
1541744249 
877844423 
-204042455 
1363907773 
1599958270 
-443123349 
1601473177 
1379689107 
304873097 
-901102594 
2143963377 
1734311273 
-1756809286 
-1834157098 
-1375843777 
2133119479 
-143958748 
682621531 
-560023951 
2089892149 
1195195749 
1516053235 
-1370298417 
-956925624 
1212040639 
-698089948 
1603581415 
-1047159214 
1428938099 
-1806622828 
-541404897 
1378153102 
1642304926 
-36227667 
-903371655 
-1903384430 
-13798026 
-1571822127 
1064955717 
579191748 
-153197596 
-1871687695 
-910392184 
279419119 
-682059783 
1696502239 
2037756873 
306898204 
-723262571 
-942711598 
-1991991727 
-1538000938 
-1384871332 
1581871079 
961214756 
-1395993025 
-1770915381 
-1080115609 
-493732701 
1543039783 
-819653494 
1361028180 
1384899378 
-225812494 
-808494557 
-1304125871 
-1547780430 
737577977 
-902169621 
-1296415585 
-56389698 
770512010 
-1874556069 
-408107068 
580339947 
-807445891 
-651821871 
519894423 
1604604389 
1372579674 
-1300675154 
1151674254 
1067365841 
-225878749 
1199521127 
1474892410 
578212822 
-1246508761 
-1856164360 
-1086494338 
-384648665 
1760676433 
1877711190 
1151322679 
-1492741505 
-560843485 
1888479222 
-1882698672 
2021194267 
-2005857902 
1523817306 
-85989058 
1207097022 
-476766639 
760392547 
1717159879 
597667517 
1702136413 
-1169744067 
1331317010 
1151242703 
529814607 
-769682358 
1955495546 
-173549015 
1256791164 
-796539740 
-796618749 
-408138625 
580872559 
-427126023 
1677101379 
746506577 
707296905 
-615968814 
1599956369 
-451626389 
-1908475175 
-1840175118 
622689397 
1162703499 
994390523 
-1347965790 
1059348328 
-633738261 
-698922817 
798257638 
-1614892462 
-1572209373 
972680040 
1600427474 
611439574 
-290305497 
1390712207 
498952340 
622099015 
-1178103207 
-102021998 
681726522 
1977733839 
-1231997804 
-995119170 
1866962010 
-1639689357 
1844044866 
1405650558 
986432584 
1160042430 
-17456006 
-1562957668 
-942712516 
1243917969 
-1703806518 
-1617013082 
-682806069 
664042483 
1566908058 
377047903 
-151856407 
-213517098 
486339991 
664030189 
563190314 
1030037402 
578438975 
2121978601 
-901417841 
1063823647 
-1538832234 
-451543819 
-346086327 
-1785578503 
-2035122364 
-903305809 
368899491 
1587825125 
-765658645 
1553025173 
