16974070 
201655542 
-48889869 
-100332542 
101057286 
118620922 
117045259 
-100268279 
-100529660 
-16908785 
-32828929 
-49740292 
-117505786 
31914757 
217319436 
169019641 
-49742090 
168036090 
-82576145 
-83489790 
50725129 
68093434 
66516485 
-100137461 
-83817465 
100597265 
-116715775 
-100071693 
-100599032 
-18221055 
133630476 
152046845 
-33357833 
134219255 
-48889869 
-150925563 
50724873 
202179320 
66844427 
-99874810 
264454 
-100532200 
-100266758 
-16185605 
-84017660 
-18482171 
167185166 
152241660 
-16383500 
285541626 
-48956432 
-134016763 
151323144 
51577338 
100071176 
-100268531 
-134280693 
16644368 
-66382593 
-66516742 
-100598516 
-1509371 
251004944 
252643578 
-133760264 
151520764 
-166396944 
-49935104 
-83297018 
84935165 
83556099 
-83294449 
50660872 
-261095 
-183692550 
-16250381 
-100075764 
-51120893 
117049353 
34473724 
-100205831 
118031610 
-166396430 
-66778623 
-183829497 
118358016 
134084611 
-66517746 
84281351 
50070550 
-150204930 
17368824 
-100206071 
-84478461 
100075017 
34538747 
-100204811 
218695417 
-199885838 
-100331516 
-49938426 
18087934 
83359749 
-66714095 
-67173876 
16448019 
-149940738 
-83423753 
-133694449 
-34540028 
183961359 
101582072 
-16320006 
185206521 
-166331662 
-100332027 
-83493627 
101844224 
133888518 
-33030128 
101060869 
-328934 
-83161857 
50793209 
-100532726 
-84740093 
200346381 
118425594 
-100337160 
118162170 
-132710923 
-117306875 
-150603003 
101581311 
133560581 
-15924979 
135071754 
50265626 
-116716294 
-16248836 
-50071284 
-84740347 
116787983 
51576824 
-100206857 
168232445 
-99353616 
-117109755 
-100271609 
17564154 
134346757 
-32701940 
101058830 
50266392 
-184088070 
84345591 
-50268914 
-84675068 
100011022 
84608510 
-66651655 
201852409 
-183173901 
-117043708 
-16318716 
-15531775 
184285446 
-100269298 
17106436 
33160469 
-133230083 
50792185 
-100336880 
-34408188 
167120396 
118490362 
-83494410 
118031608 
-166395916 
-134017786 
-116982523 
68026367 
150730502 
-66649334 
101254918 
-33816552 
-150139137 
395771 
-100467955 
-84739834 
116787723 
101843194 
-117114635 
117835513 
-115933195 
-134018298 
-83361785 
101710586 
134215430 
-99875320 
67436808 
-33553901 
-234222343 
101320954 
-83560435 
-101517562 
66653707 
68025592 
-83494155 
117835510 
-132775435 
-100399616 
-49938430 
135200766 
117044742 
-167115002 
34079493 
16713231 
-166982147 
-100070921 
-33358840 
-51513853 
82972938 
34800631 
-116984076 
151454715 
-99352845 
-117175546 
-116917241 
17629179 
150992390 
-49740792 
101058315 
-16711146 
-217444869 
67503354 
-50006256 
-101452283 
83233546 
84738044 
-133760781 
101318906 
-99221772 
-100333307 
-133957116 
101384189 
150730757 
787463 
101384713 
33621267 
-184022022 
-33159174 
-33359604 
-84870650 
16124173 
17826042 
-66718218 
656376 
-65666825 
-100464382 
-184748032 
319291386 
116913926 
1442821 
320145670 
84018707 
-184351240 
-100133894 
83687938 
-68224502 
-17823222 
18088696 
-167052808 
134348545 
-99157779 
-133822972 
-83430138 
319357946 
83622141 
-49085176 
134744585 
67438106 
-201193990 
17434350 
16840194 
-168692480 
-17560562 
34080768 
-100206605 
135200508 
-99353614 
-150794747 
-33622269 
17236996 
167049731 
67894538 
152241931 
33489176 
-201061123 
-83686406 
83622160 
-51512569 
66193936 
101909503 
-150471950 
218693375 
-149686035 
-100201981 
-16321018 
17368068 
116914431 
17235724 
592398 
33554198 
-217641215 
-100399375 
16643855 
-85068800 
99943951 
50988544 
-100009992 
201524989 
-183108881 
-116979708 
101186309 
169017341 
117110530 
-133495285 
50727174 
33422868 
-167047429 
-32766223 
-16516600 
-51449601 
83038219 
135006204 
-100141323 
168233210 
-216662028 
-100201980 
34078467 
85326589 
133821956 
-133757686 
33884167 
-33883117 
-200207619 
-49608203 
-49939954 
-34541310 
116591366 
151912439 
-133563918 
201983228 
-199951376 
-100137469 
457731 
17760258 
133822466 
-83491572 
-49937400 
-196845 
-166653438 
-100268301 
-66651633 
-84938240 
66456077 
34277114 
-100010763 
134744057 
-183107851 
-100268028 
-66585083 
101841664 
150796037 
-100203768 
67503623 
-16908525 
-217247745 
-33028362 
-50005491 
-51251710 
49548295 
101515001 
-83364108 
118163706 
-183238410 
-83360252 
-66650366 
101908991 
167376899 
-83361270 
50859269 
16448784 
-166851074 
-49804809 
-33293300 
-51318015 
99550727 
68026871 
