1006664565 
1006664565 
1015053173 
1015053173 
1015053173 
1015053173 
1015053173 
1006664565 
1006664565 
1006664565 
1025546834 
1023441781 
1015053173 
1019263280 
1023441781 
1039198075 
1006664565 
0 
0 
0 
0 
0 
0 
0 
0 
0 
0 
0 
0 
0 
0 
0 
0 
0 
0 
0 
0 
0 
0 
0 
0 
1006664565 
1015053173 
1019263280 
1019263280 
1006664565 
0 
0 
0 
0 
0 
0 
0 
0 
0 
0 
0 
1006664565 
1006664565 
1006664565 
0 
0 
0 
0 
0 
0 
0 
0 
1006664565 
1006664565 
1006664565 
1019263280 
1023441781 
1019263280 
1015053173 
1015053173 
1006664565 
1006664565 
0 
0 
0 
0 
0 
0 
0 
0 
1006664565 
1006664565 
1015053173 
1015053173 
1015053173 
1015053173 
1015053173 
1015053173 
1015053173 
1006664565 
1015053173 
1015053173 
1015053173 
1015053173 
1019263280 
1023441781 
1023441781 
1015053173 
1006664565 
1006664565 
1006664565 
1006664565 
1015053173 
1015053173 
1006664565 
1015053173 
1015053173 
1015053173 
1006664565 
1006664565 
1006664565 
1006664565 
1006664565 
1015053173 
1015053173 
1015053173 
1019263280 
1019263280 
1023441781 
1015053173 
1015053173 
1015053173 
1019263280 
1019263280 
1019263280 
1006664565 
1015053173 
1006664565 
1006664565 
1006664565 
1006664565 
1006664565 
1006664565 
1006664565 
1006664565 
1006664565 
1015053173 
1006664565 
1006664565 
1006664565 
1006664565 
1015053173 
1015053173 
1006664565 
1006664565 
0 
1006664565 
0 
0 
0 
1006664565 
1006664565 
1006664565 
1006664565 
1015053173 
1015053173 
1015053173 
1019263280 
1019263280 
1006664565 
1006664565 
1006664565 
0 
0 
0 
0 
0 
0 
0 
0 
0 
0 
0 
0 
0 
0 
0 
0 
0 
0 
0 
0 
0 
0 
0 
0 
0 
0 
0 
0 
0 
0 
0 
0 
0 
0 
0 
0 
0 
0 
0 
1006664565 
1006664565 
1006664565 
1019263280 
1023441781 
1029756941 
1025546834 
1023441781 
1006664565 
1006664565 
1006664565 
1006664565 
0 
0 
1006664565 
1015053173 
1015053173 
1025546834 
1023441781 
1019263280 
1015053173 
1015053173 
1006664565 
1006664565 
1006664565 
1006664565 
1006664565 
1006664565 
1006664565 
1015053173 
1015053173 
1006664565 
1006664565 
1015053173 
1015053173 
1015053173 
1015053173 
1015053173 
1015053173 
1015053173 
1015053173 
1015053173 
1023441781 
1031830389 
1025546834 
1019263280 
1015053173 
1019263280 
1039198075 
1015053173 
0 
0 
0 
0 
0 
0 
0 
0 
0 
0 
0 
0 
0 
0 
0 
0 
0 
0 
0 
0 
0 
0 
0 
0 
1006664565 
1015053173 
1015053173 
1015053173 
1006664565 
0 
0 
0 
1006664565 
1006664565 
0 
0 
0 
0 
0 
0 
0 
0 
0 
1006664565 
0 
1006664565 
1006664565 
0 
0 
0 
1006664565 
1006664565 
1006664565 
1006664565 
1019263280 
1023441781 
1019263280 
1015053173 
1006664565 
0 
0 
0 
0 
0 
1006664565 
0 
0 
0 
0 
0 
1006664565 
1006664565 
1006664565 
1015053173 
1015053173 
1015053173 
1015053173 
1015053173 
1015053173 
1019263280 
1019263280 
1015053173 
1019263280 
1019263280 
1019263280 
1019263280 
1015053173 
1006664565 
1006664565 
1006664565 
1006664565 
1006664565 
1006664565 
1006664565 
1015053173 
1015053173 
1015053173 
1015053173 
1015053173 
1019263280 
1019263280 
1019263280 
1015053173 
1015053173 
1019263280 
1019263280 
1019263280 
1015053173 
1006664565 
1006664565 
1006664565 
1006664565 
1006664565 
1006664565 
0 
0 
0 
0 
0 
0 
0 
0 
0 
0 
0 
0 
0 
0 
0 
0 
0 
0 
0 
0 
0 
0 
0 
0 
0 
0 
0 
0 
0 
0 
0 
0 
0 
0 
0 
0 
0 
0 
0 
0 
0 
0 
0 
0 
0 
0 
0 
0 
0 
0 
0 
0 
0 
0 
0 
0 
0 
0 
0 
0 
0 
0 
0 
0 
0 
0 
0 
1006664565 
1006664565 
1006664565 
0 
0 
1006664565 
1006664565 
1006664565 
1006664565 
1006664565 
1015053173 
1015053173 
1023441781 
1019263280 
1019263280 
1015053173 
1025546834 
1019263280 
1019263280 
1019263280 
1015053173 
1006664565 
1006664565 
1006664565 
1015053173 
1015053173 
1019263280 
1019263280 
1019263280 
1015053173 
1015053173 
1006664565 
1006664565 
0 
0 
0 
0 
1006664565 
1006664565 
1006664565 
1015053173 
1019263280 
1023441781 
1023441781 
1025546834 
1019263280 
1015053173 
1006664565 
1015053173 
1023441781 
1033935442 
1038145549 
1039198075 
1033935442 
1027651888 
1023441781 
1029756941 
1041797787 
1015053173 
0 
0 
0 
0 
0 
0 
0 
0 
0 
0 
0 
0 
0 
0 
0 
0 
0 
0 
0 
0 
0 
0 
0 
0 
1006664565 
1015053173 
1015053173 
1015053173 
1006664565 
1006664565 
0 
1006664565 
1006664565 
1006664565 
0 
0 
0 
0 
0 
0 
0 
0 
0 
1006664565 
1006664565 
1006664565 
1006664565 
1006664565 
1006664565 
1006664565 
1006664565 
1006664565 
1015053173 
1023441781 
1027651888 
1023441781 
1019263280 
1015053173 
1006664565 
0 
0 
0 
0 
0 
0 
0 
0 
0 
0 
0 
1006664565 
1006664565 
1006664565 
1015053173 
1019263280 
1023441781 
1023441781 
1023441781 
1023441781 
1023441781 
1019263280 
1019263280 
1019263280 
1019263280 
1019263280 
1015053173 
1006664565 
1006664565 
1006664565 
1015053173 
1006664565 
1006664565 
1006664565 
1006664565 
1006664565 
1015053173 
1015053173 
1015053173 
1023441781 
1027651888 
1027651888 
1025546834 
1023441781 
1023441781 
1023441781 
1019263280 
1019263280 
1015053173 
1015053173 
1006664565 
1006664565 
1006664565 
1006664565 
1006664565 
0 
0 
0 
0 
0 
0 
1006664565 
0 
0 
0 
0 
0 
0 
0 
1006664565 
1006664565 
0 
0 
0 
0 
0 
0 
0 
0 
0 
0 
0 
0 
0 
0 
0 
0 
0 
0 
0 
0 
0 
0 
0 
0 
0 
0 
0 
0 
0 
0 
0 
0 
0 
0 
0 
0 
0 
0 
0 
0 
0 
0 
0 
0 
0 
0 
0 
0 
0 
1006664565 
1006664565 
1019263280 
1006664565 
1006664565 
1006664565 
1006664565 
1006664565 
1015053173 
1015053173 
1015053173 
1006664565 
1015053173 
1023441781 
1032882916 
1023441781 
1025546834 
1025546834 
1023441781 
1031830389 
1031830389 
1032882916 
1029756941 
1015053173 
1015053173 
1015053173 
1019263280 
1019263280 
1019263280 
1006664565 
1006664565 
1006664565 
1006664565 
1006664565 
1015053173 
1006664565 
1006664565 
1006664565 
1006664565 
1006664565 
1015053173 
1019263280 
1023441781 
1031830389 
1034987969 
1033935442 
1033935442 
1027651888 
1023441781 
1019263280 
1023441781 
1036040496 
1044429104 
1047586683 
1047060420 
1041271524 
1033935442 
1032882916 
1038145549 
1046007893 
1015053173 
0 
0 
0 
0 
0 
0 
0 
0 
0 
0 
0 
0 
0 
0 
0 
0 
0 
0 
0 
0 
0 
0 
0 
0 
1006664565 
1006664565 
1006664565 
1006664565 
1006664565 
1015053173 
1006664565 
1006664565 
1006664565 
1006664565 
0 
0 
0 
0 
0 
0 
0 
0 
0 
0 
0 
0 
0 
1006664565 
1015053173 
1015053173 
1006664565 
1015053173 
1019263280 
1025546834 
1029756941 
1031830389 
1023441781 
1015053173 
1006664565 
1006664565 
0 
0 
1006664565 
