-36956 
-81103 
0 
0 
-38434 
-76764 
0 
0 
-44275 
-66981 
0 
0 
13086 
-83799 
0 
0 
-7784 
-55797 
0 
0 
-32307 
-52574 
0 
0 
12437 
-84717 
0 
0 
16588 
-68812 
0 
0 
18577 
-61390 
0 
0 
18194 
-50597 
0 
0 
17144 
-66405 
0 
0 
11388 
-84071 
0 
0 
11663 
-79923 
0 
0 
16616 
-64413 
0 
0 
-47037 
-88166 
0 
0 
-39983 
-78541 
0 
0 
-44934 
-80063 
0 
0 
-39834 
-63889 
0 
0 
-37884 
-42971 
0 
0 
-38632 
-80161 
0 
0 
-30170 
-35754 
0 
0 
-47737 
-60455 
0 
0 
-41015 
-60450 
0 
0 
-51390 
-67073 
0 
0 
1039198075 
1048607605 
1050449527 
1048607605 
1040745260 
1034987969 
1040218997 
1044429104 
1046007893 
1041797787 
1037093022 
1032882916 
1027651888 
1023441781 
1023441781 
1033935442 
1015053173 
0 
0 
0 
0 
0 
1006664565 
1006664565 
1015053173 
1019263280 
1027651888 
1029756941 
1031830389 
1033935442 
1032882916 
1031830389 
1027651888 
1027651888 
1029756941 
1027651888 
1023441781 
1019263280 
1015053173 
1015053173 
1006664565 
1006664565 
1006664565 
1006664565 
1006664565 
1006664565 
1006664565 
1006664565 
1006664565 
1006664565 
1006664565 
1006664565 
1006664565 
1006664565 
1006664565 
1006664565 
1006664565 
1006664565 
1006664565 
1006664565 
1006664565 
1015053173 
1023441781 
1027651888 
1034987969 
1041797787 
1034987969 
1023441781 
1015053173 
1006664565 
1006664565 
1006664565 
1006664565 
1006664565 
1006664565 
0 
0 
1006664565 
1006664565 
1006664565 
1006664565 
1006664565 
1006664565 
1006664565 
1006664565 
1006664565 
1006664565 
1006664565 
0 
1006664565 
1006664565 
1006664565 
1006664565 
1006664565 
1006664565 
1006664565 
0 
0 
0 
0 
1006664565 
1006664565 
0 
0 
0 
1006664565 
1006664565 
1006664565 
1006664565 
1006664565 
1006664565 
1006664565 
1006664565 
1006664565 
1006664565 
0 
0 
0 
0 
0 
0 
0 
0 
0 
0 
1006664565 
1006664565 
1006664565 
1006664565 
1015053173 
1015053173 
1006664565 
0 
0 
1006664565 
1006664565 
1006664565 
1006664565 
1006664565 
0 
0 
0 
1006664565 
1006664565 
1006664565 
1006664565 
1006664565 
1006664565 
1006664565 
1006664565 
1015053173 
1006664565 
1006664565 
1006664565 
1006664565 
1006664565 
1006664565 
1006664565 
1006664565 
1006664565 
1006664565 
1006664565 
1015053173 
1006664565 
1006664565 
1006664565 
1015053173 
1006664565 
1006664565 
1006664565 
1006664565 
1006664565 
1006664565 
0 
0 
1006664565 
1006664565 
1006664565 
1006664565 
1006664565 
1006664565 
0 
0 
0 
0 
0 
1006664565 
0 
1006664565 
1006664565 
1006664565 
1006664565 
1006664565 
1006664565 
1006664565 
1006664565 
0 
0 
1006664565 
1006664565 
0 
0 
0 
0 
0 
0 
0 
0 
0 
0 
0 
0 
0 
1006664565 
1006664565 
1006664565 
1006664565 
1006664565 
1006664565 
1006664565 
1006664565 
1006664565 
1006664565 
1015053173 
1006664565 
1015053173 
1015053173 
1015053173 
1015053173 
1015053173 
1015053173 
1015053173 
1006664565 
1015053173 
1015053173 
1019263280 
1019263280 
1023441781 
1025546834 
1027651888 
1033935442 
1043902840 
1048870737 
1048112947 
1043376577 
1040745260 
1039198075 
1041797787 
1041797787 
1039198075 
1034987969 
1032882916 
1029756941 
1025546834 
1023441781 
1038145549 
1015053173 
0 
0 
0 
0 
0 
0 
1006664565 
1015053173 
1019263280 
1023441781 
1027651888 
1031830389 
1031830389 
1031830389 
1027651888 
1019263280 
1019263280 
1023441781 
1027651888 
1025546834 
1023441781 
1019263280 
1019263280 
1015053173 
1015053173 
1006664565 
1006664565 
1006664565 
1006664565 
1006664565 
1006664565 
1006664565 
1006664565 
1006664565 
1006664565 
1006664565 
1006664565 
1006664565 
1006664565 
1006664565 
1006664565 
1006664565 
1006664565 
1006664565 
1015053173 
1025546834 
1027651888 
