18880 
0 
0 
0 
-21018 
0 
0 
0 
23785 
0 
0 
0 
-10455 
0 
0 
0 
-17178 
0 
0 
0 
4872 
0 
0 
0 
-3259 
0 
0 
0 
21757 
0 
0 
0 
15545 
0 
0 
0 
-15420 
0 
0 
0 
-65 
0 
0 
0 
-18667 
0 
0 
0 
-13655 
0 
0 
0 
-15903 
0 
0 
0 
-19265 
0 
0 
0 
-18082 
0 
0 
0 
-19078 
0 
0 
0 
-6759 
0 
0 
0 
-13453 
0 
0 
0 
-17785 
0 
0 
0 
-15363 
0 
0 
0 
-26597 
0 
0 
0 
-42583 
0 
0 
0 
-22196 
0 
0 
0 
-20692 
0 
0 
0 
-40692 
0 
0 
0 
-5201 
0 
0 
0 
1983 
0 
0 
0 
-19287 
0 
0 
0 
-21712 
0 
0 
0 
-15147 
0 
0 
0 
-18388 
0 
0 
0 
764 
0 
0 
0 
-21002 
0 
0 
0 
-10146 
0 
0 
0 
-19456 
0 
0 
0 
-17337 
0 
0 
0 
-29828 
0 
0 
0 
-25479 
0 
0 
0 
-20775 
0 
0 
0 
-24883 
0 
0 
0 
-32811 
0 
0 
0 
-16040 
0 
0 
0 
-43439 
0 
0 
0 
-34199 
0 
0 
0 
-27110 
0 
0 
0 
-20759 
0 
0 
0 
-25716 
0 
0 
0 
-15225 
0 
0 
0 
-17178 
0 
0 
0 
-47140 
0 
0 
0 
-31943 
0 
0 
0 
-13628 
0 
0 
0 
-32761 
0 
0 
0 
-32731 
0 
0 
0 
-22857 
0 
0 
0 
-21302 
0 
0 
0 
-44721 
0 
0 
0 
-12891 
0 
0 
0 
-49222 
0 
0 
0 
-16465 
0 
0 
0 
-18684 
0 
0 
0 
-42287 
0 
0 
0 
-21809 
0 
0 
0 
-24854 
0 
0 
0 
-30204 
0 
0 
0 
-30193 
0 
0 
0 
-23514 
0 
0 
0 
-48217 
0 
0 
0 
-19743 
0 
0 
0 
821 
0 
0 
0 
-21940 
0 
0 
0 
-18840 
0 
0 
0 
-19603 
0 
0 
0 
-22642 
0 
0 
0 
-26730 
0 
0 
0 
-24916 
0 
0 
0 
-12172 
0 
0 
0 
-15079 
0 
0 
0 
-39127 
0 
0 
0 
-12279 
0 
0 
0 
-18768 
0 
0 
0 
-27120 
0 
0 
0 
-21843 
0 
0 
0 
-46388 
0 
0 
0 
-37148 
0 
0 
0 
-50534 
0 
0 
0 
-35640 
0 
0 
0 
-32447 
0 
0 
0 
-28036 
0 
0 
0 
-22364 
0 
0 
0 
-18941 
0 
0 
0 
-18002 
0 
0 
0 
-42962 
0 
0 
0 
-31184 
0 
0 
0 
-26261 
0 
0 
0 
-32357 
0 
0 
0 
-18052 
0 
0 
0 
-52619 
0 
0 
0 
-23993 
0 
0 
0 
