1408357969 
-1210505806 
1604508378 
-699023399 
1939439007 
1161246077 
1428923358 
845244183 
-2059405847 
71614460 
-1503150787 
2030729608 
298602361 
-1086446365 
1731395258 
1970052233 
-1831901225 
1860424677 
-1601568862 
-1661672018 
749635961 
-890707289 
492590230 
-979871443 
-914376994 
-1238192770 
-675292184 
-235727529 
-1632431340 
-1168305512 
1769042378 
-1158093383 
1585296054 
1107235317 
-1095614686 
1386524111 
-152622174 
1386937009 
1227354761 
-1192934398 
1437387448 
-914514338 
-219763538 
1769230888 
1600494485 
-138843202 
1025441631 
523968471 
-942681095 
-1888802097 
400551086 
1702811483 
1532974799 
-1076265738 
-40577323 
-725107509 
790712124 
-1294214479 
-1375811201 
1609088758 
1299900322 
-247516801 
-625675805 
-545312036 
-1764297281 
1878417391 
-815400971 
385468663 
748093297 
-623184647 
-936903070 
1541396127 
-171186242 
-1925860885 
758711487 
-914544730 
2085962430 
-421347849 
-1482651240 
1364086136 
-1421917873 
-1803933205 
1599364076 
1513689803 
512315103 
-81888987 
1351337079 
-70988856 
-393642370 
-1861646176 
748485877 
-349461934 
-1345178501 
1072353060 
-1991773617 
-1225610066 
1811172072 
1466283413 
926247926 
-281829785 
-80835157 
-1397792841 
-400037844 
95794663 
-3387395 
-323570004 
-1788086689 
-1570805865 
1034857259 
-67562037 
2089774954 
-705301955 
-889645354 
-1095254530 
-1734346120 
-453533809 
1094594844 
-654639283 
-459391902 
-639953281 
-692394498 
-406955553 
-1506936885 
-1210492634 
2113130190 
-205734151 
-1971685198 
-690645104 
-1664352867 
125269501 
2030554237 
2129543120 
-242243598 
-54134280 
478800685 
1198996989 
2030555020 
-1502724144 
-1751670543 
732288581 
-88427398 
-229554269 
1199406569 
-934262844 
-151337717 
1365938878 
-404515538 
-1787508012 
307709855 
1338988893 
-1306218871 
-161787050 
1532411717 
-80742821 
853269175 
-1375826049 
1474867894 
-1490571916 
-1510580636 
-913251614 
-1637919338 
-436843547 
-54151755 
-1388326837 
1609350838 
-1913946890 
-37757139 
-110268581 
1593796094 
-946840673 
-1396715565 
-109267081 
-312738318 
-406857369 
-75817221 
-116929544 
-1225343021 
-1862664416 
1862228351 
-537944839 
349099967 
1044336612 
-545486453 
-1224823618 
-39912980 
1106107771 
-30280674 
-1649569805 
2143693310 
-1367613090 
-1423021085 
2095435388 
1581643718 
-1370411089 
-860981588 
1575811039 
1347176311 
-1136100284 
-117899588 
-1971752672 
-444637707 
1499439766 
-1814958619 
-111784152 
-651856263 
517395861 
1702791933 
-1085958731 
-1143116878 
-275395867 
-819254569 
986376366 
1702350763 
-805375239 
702801890 
-1788484126 
-1302371017 
1706374511 
-1250953633 
-1291885259 
1706407279 
-1419791617 
-1560597076 
753773439 
1525389307 
1943136125 
-625820955 
-815811889 
-151868041 
-336180244 
-936526417 
2143698559 
-799278242 
-50561793 
-882152753 
1459578366 
804682715 
1069531103 
2029648054 
1834614682 
-390080019 
2075874911 
-1075844108 
-323488081 
1543369695 
-17175313 
-557924771 
-872549682 
-1365070475 
-172762808 
1609537246 
-1096056910 
613796654 
-1880364081 
2032204024 
1601538553 
311411950 
766307111 
1509725137 
-1345225363 
1540800488 
-916475301 
-1635854945 
732843005 
-79762005 
-698930281 
732852537 
1532712530 
-1241829386 
2142428890 
-1079148871 
-1781572418 
1803280189 
159356811 
-587749382 
525156631 
-625675804 
-645975398 
848992949 
1398209327 
-700090765 
-195077289 
-709987797 
2063439614 
-1125417026 
-325591236 
-809555253 
-1748245314 
-275319051 
-1417691561 
-1778700819 
2071650287 
-550504497 
-71357249 
-437075989 
-899204406 
1927243125 
2105473907 
2078007039 
1011875068 
-1087385603 
-218501197 
1939286653 
2112985149 
1944564733 
400019390 
2113591099 
2071025359 
-218544860 
-500958230 
2122197539 
-1622647486 
-1457647323 
1151582496 
-556428295 
-1840126817 
-437954241 
-890727479 
2123365226 
-1414628379 
1089850944 
-287968305 
-201656034 
753920999 
-1159367721 
2078522964 
1945888702 
-1611531401 
-408421889 
804452342 
-185474063 
-907870498 
-471211361 
1605613929 
1597976253 
-1348866707 
2144853964 
2061975131 
-1212847130 
-107037337 
-9735429 
-1090558466 
-408757510 
1621720714 
-830671418 
-1613834763 
-268633095 
2117983727 
-60823044 
-482454043 
-1159516550 
259844042 
-312509338 
1597987182 
2071713470 
2089770942 
-1917472259 
-738654977 
-439648390 
1040120299 
-14174473 
1509890297 
-1076269203 
2069299068 
-1846544805 
509498783 
-1129412291 
-7800138 
1495240864 
-94900741 
-711603668 
1373937374 
-1255463022 
1553119797 
-767771221 
1791682725 
1165790059 
1610208959 
-1632031810 
-440550037 
-672425989 
-171213958 
-139471061 
-29417762 
-201440781 
-1641157137 
-25286660 
1706407271 
-346086721 
-1344328211 
-103350660 
-114344353 
-1212847202 
-39911835 
-110137509 
-1208228354 
733142730 
-556421153 
-193267306 
-440550037 
