1772 
0 
0 
0 
4611 
0 
0 
0 
2956 
0 
0 
0 
1125 
0 
0 
0 
195 
0 
0 
0 
315 
0 
0 
0 
214 
0 
0 
0 
-73 
0 
0 
0 
1033 
0 
0 
0 
644 
0 
0 
0 
228 
0 
0 
0 
249 
0 
0 
0 
398 
0 
0 
0 
90 
0 
0 
0 
2087 
0 
0 
0 
2218 
0 
0 
0 
2388 
0 
0 
0 
151 
0 
0 
0 
372 
0 
0 
0 
2316 
0 
0 
0 
191 
0 
0 
0 
1136 
0 
0 
0 
1214 
0 
0 
0 
3385 
0 
0 
0 
-1087169778 
-1083066800 
-1082181967 
-1079490291 
-1082269823 
-1085677941 
-1087995850 
-1088749470 
-1087202296 
-1085757240 
-1082938439 
-1082050944 
-1089883037 
-1083746826 
-1089175627 
-1085197587 
-1080229648 
-1085154230 
-1083438190 
-1081014930 
-1082396472 
-1084328157 
-1083938511 
-1088977096 
-1085909561 
-1083654977 
-1087729430 
-1088188106 
-1089806021 
-1083224256 
-1081134449 
-1083994990 
-1084445108 
-1086389345 
-1085415515 
-1088556073 
-1086217056 
-1085377292 
-1081539213 
-1081240560 
-1084205502 
-1084846164 
-1084048616 
-1085120571 
-1083811862 
-1081366353 
-1085291718 
-1084073718 
-1083151803 
-1081630491 
-1085506223 
-1080752504 
-1084458230 
-1081639334 
-1082086885 
-1084926033 
-1087359751 
-1089578965 
-1078946897 
-1080128671 
-1082941292 
-1091792569 
-1088727220 
-1083046262 
-1088620538 
-1087652414 
-1081061996 
-1088330729 
-1090676686 
-1092927847 
-1094719192 
-1097431310 
-1089857365 
-1092997447 
-1092681395 
-1091402352 
998545476 
1049332377 
1026550068 
-1105251708 
-1092124595 
-1088107096 
-1113037877 
1037832211 
-1109386729 
-1095784871 
-1098614511 
-1094618785 
-1085234099 
-1090473496 
-1082155724 
-1086005404 
-1090559165 
-1085809154 
-1087320958 
-1088662755 
-1096598392 
-1093888556 
-1090416447 
-1092280910 
-1091228923 
-1087213705 
-1088361535 
-1094584556 
-1089748401 
-1087882322 
-1087064807 
-1082198511 
-1093686602 
-1090143181 
-1088563489 
-1095043231 
-1096852832 
-1102643420 
-1088615404 
-1082979515 
-1084789115 
-1086316892 
-1081269655 
-1082209351 
-1087647279 
-1081239704 
-1080980130 
-1079064133 
-1079563314 
-1081208898 
-1081971075 
-1089104886 
-1093631834 
-1093737946 
-1091080595 
-1081217740 
-1079071265 
-1078352445 
-1080520029 
-1080054222 
-1077675556 
-1080268157 
-1079106350 
-1078378687 
-1081530940 
-1081353232 
-1080450144 
-1085396118 
-1083547154 
-1081667573 
-1087333509 
-1083890020 
-1083321239 
-1081564885 
-1081901190 
-1083888308 
-1080254180 
-1080165753 
-1081980488 
-1085612905 
-1083027436 
-1086820066 
-1080324921 
-1081129885 
-1082888806 
-1079867386 
-1081838721 
-1081580003 
-1081005232 
-1081198058 
-1083271036 
-1085283161 
-1086304912 
-1087471568 
-1086756171 
-1081982770 
-1083667528 
-1083488393 
-1086558210 
-1086017954 
-1087792184 
-1093178864 
-1083876328 
-1088530401 
-1088516709 
-1092560451 
-1088372374 
-1086448676 
-1090305771 
-1094074536 
-1088110519 
-1087751679 
-1087325522 
-1093965002 
-1101737478 
-1103994344 
-1086029935 
-1087958768 
-1087363745 
-1087776210 
-1094634759 
-1104729138 
-1102337636 
-1095639966 
-1088233745 
-1086866276 
-1097037671 
-1103558489 
-1090511719 
-1088816217 
-1097600176 
-1091306510 
-1086828623 
-1093193697 
-1085308833 
-1088313614 
-1094129303 
-1088642788 
-1095660504 
-1104270462 
1011096393 
-1103029072 
-1094618785 
-1095603454 
-1098183219 
-1091225500 
-1088885247 
-1087242230 
-1089482552 
-1091005290 
-1091313355 
-1084337856 
-1080587062 
-1081687826 
-1090155162 
1043012372 
1019302444 
-1123115141 
-1093695730 
-1094415690 
-1095867022 
-1090893473 
-1085101174 
-1084206072 
-1090750850 
-1082156865 
-1085489108 
-1083033711 
-1081182085 
-1085320813 
-1085624315 
-1091738942 
-1092611795 
-1090803336 
-1090342853 
-1089970893 
-1087839535 
-1087864066 
-1084283089 
-1082490033 
-1081432816 
-1084210066 
-1082359390 
-1080437593 
-1078456274 
-1077289333 
-1079727045 
-1080737957 
-1079611520 
-1077656445 
-1079135730 
-1078590625 
-1079149707 
-1077777389 
-1080889137 
-1081679268 
-1080407927 
-1081350380 
-1082212203 
-1083428492 
-1081748013 
-1091192411 
-1083420505 
-1082656616 
-1083365738 
-1082118832 
-1086951850 
-1085022446 
-1081060855 
-1081082249 
-1083326374 
-1087861214 
-1085490820 
-1086051043 
-1094283336 
-1092923284 
-1088064879 
-1086902787 
-1089310834 
-1088725509 
-1089187607 
-1087433345 
-1082804374 
-1085094328 
-1085809725 
-1086549653 
-1089725581 
-1090192814 
