-49546503 
526335 
-183301642 
-116785657 
101122554 
17759998 
150471677 
-251396339 
591615 
167179776 
-217378808 
-15726331 
67174665 
15856896 
116461316 
135461624 
-83100934 
-66320897 
-149746953 
-100073978 
-83427846 
-49742337 
201000445 
-217777654 
84476931 
150535684 
-267907832 
-32701691 
100597002 
-525821 
32705794 
68286458 
-99681544 
-16120319 
-149747722 
-100008956 
458491 
-32769026 
184157180 
-217776628 
-16317690 
217709314 
-250867959 
-66125566 
84081931 
-657664 
32771588 
84933369 
-83166471 
-66321409 
-116061960 
-133758970 
-83624711 
34275068 
150340862 
-150471925 
118162693 
117177353 
-268104700 
920070 
117439241 
-50791932 
49285894 
34665977 
-32703750 
-66321919 
-99415819 
-116982265 
-33161733 
-16383489 
184091902 
-167315191 
101452290 
117177610 
-234616054 
852998 
133889288 
-34211068 
49286147 
118618877 
-66192646 
-16121594 
-99547663 
-116850170 
101055230 
-33028866 
150340860 
-133760501 
50989574 
234617349 
-251655162 
983555 
167442952 
32700163 
49154821 
168820481 
785657 
-33029632 
-99415562 
-133693434 
50593530 
721661 
217711871 
-200934904 
461055 
217709057 
-234616056 
17760263 
117046791 
49544706 
116197890 
169082107 
-32637704 
590340 
-99481870 
-100138490 
100990202 
-16055301 
167117821 
-150537717 
-16381179 
133888520 
-200995576 
-49348606 
117046279 
32635139 
65866244 
202310141 
-82969607 
721668 
-166525453 
-116981496 
67829757 
-66387968 
133367035 
-167576561 
-16382714 
133953031 
-200994293 
-15792125 
117374475 
-657917 
32640518 
168688379 
-66258181 
-15990268 
-149747980 
-133758714 
34340602 
-99877118 
167052797 
-167642354 
34079491 
184219142 
-200928756 
-15792379 
100728332 
49870596 
15995140 
152041979 
-99550726 
655622 
-133037071 
-116980728 
-49546497 
-32963329 
167445497 
-133759988 
50595334 
184416521 
-201191928 
68091904 
117438985 
16446724 
-68154108 
185269506 
-82970117 
-16317949 
-132970763 
-167377913 
589307 
786172 
167379966 
-184090869 
50659590 
184416262 
-217706491 
51512070 
100858378 
49935622 
-1043708 
202373628 
-83035654 
-49544956 
-166590732 
-117046778 
589306 
-66453504 
167314940 
-133825779 
50725123 
200997126 
-268038392 
51250437 
100727819 
16382469 
-17560316 
118422525 
-32572679 
-16121341 
-116259083 
-100269818 
17235963 
-49610242 
150603005 
-184157429 
394499 
167508486 
-284815608 
34604038 
117374218 
-17368572 
66063874 
151977211 
-32703750 
-16186623 
-149747722 
-150600698 
67567864 
-49414146 
167183104 
-184287988 
459778 
150664454 
-217509111 
-32504314 
50396683 
83228933 
82906882 
202504954 
-49481224 
-32963582 
-132970763 
-100204795 
720891 
-32898816 
167379965 
-167511029 
394754 
117176584 
-284815349 
918275 
83819786 
16185857 
32640001 
118422779 
-15992070 
721666 
-99415562 
-117047035 
84279544 
-133365505 
167183616 
-217974005 
17171202 
133888517 
-284880119 
984582 
117374222 
100138244 
99553025 
168884987 
-32769542 
-66452735 
-99415561 
-117243898 
458233 
589564 
150603263 
-200869111 
101319683 
117242376 
-318632185 
985095 
117243144 
33029636 
66064129 
135396090 
-49481222 
655619 
-99416331 
-116982010 
34209274 
-16056066 
201197055 
-184222711 
50726399 
117176838 
-234549496 
68026885 
83819785 
49806082 
49286657 
118423036 
-49480967 
-32833534 
-99416331 
-116982011 
34012665 
-49610498 
184091903 
-167446007 
17171202 
150796550 
-251326454 
-15858684 
100465418 
66518274 
15797250 
135199739 
-15926533 
-33030139 
-65927694 
-133889274 
67566587 
-16252678 
133498109 
-167183863 
67504134 
201259272 
-251720696 
-32504318 
167311879 
32897797 
32575236 
202178301 
-66126853 
-33095418 
-116259086 
-117112571 
51051514 
-32899332 
133826044 
-251266038 
17105668 
217905157 
-234483701 
-66059518 
117373703 
66516995 
-716543 
168623868 
-99944198 
-99811324 
-82639115 
-100335870 
-100271877 
-33227011 
217843198 
-100009974 
101319435 
184483339 
-301922298 
-32571899 
167376905 
49937412 
-34337787 
68156668 
-99746822 
-66519035 
-116193805 
-100204797 
-16188676 
589821 
116786173 
-184026357 
33948166 
184482314 
-251326711 
-66058750 
117307655 
16185347 
-17560315 
101580284 
-99616771 
-83164410 
-149747723 
-100270075 
-49545990 
-32833795 
150603259 
-217711091 
101188355 
167508490 
-251195129 
51447301 
84211978 
50067459 
-17427968 
118422012 
