2152 
-12534 
-6912 
-10219 
3040 
-13643 
-5983 
-7234 
3513 
-10500 
-4194 
-4217 
10005 
-31230 
-14341 
-7582 
9491 
-20803 
-9165 
-2346 
3762 
-13182 
-5603 
-5056 
10979 
-30551 
-13686 
-6730 
9921 
-28965 
-13573 
-8920 
6276 
-16686 
-9215 
-5065 
6107 
-17714 
-9264 
-5359 
9636 
-27932 
-13008 
-7690 
11132 
-27095 
-12287 
-6392 
10597 
-29219 
-13591 
-7228 
9979 
-26464 
-12180 
-6289 
2212 
-13650 
-7106 
-10092 
1384 
-11518 
-6534 
-9661 
4205 
-13700 
-6313 
-6321 
3478 
-12279 
-5116 
-4510 
3908 
-12071 
-4580 
-3472 
3197 
-12478 
-6191 
-7374 
4548 
-12243 
-4956 
-2072 
4661 
-10474 
-3661 
-1686 
3370 
-11915 
-4659 
-4033 
4936 
-10501 
-3886 
-2908 
-1054754560 
-1054280323 
-1053665806 
-1053573945 
-1053711207 
-1054353380 
-1055494387 
-1055603177 
-1056268112 
-1056170825 
-1056824991 
-1057230751 
-1057257428 
-1057590609 
-1057157000 
-1056852688 
-1056602721 
-1056351652 
-1056375474 
-1056366010 
-1056665131 
-1057359650 
-1057893442 
-1058324767 
-1057408029 
-1058146183 
-1058333741 
-1056935249 
-1056765314 
-1056554628 
-1056159077 
-1056012189 
-1056387956 
-1055977680 
-1056148064 
-1056706289 
-1057688100 
-1057532931 
-1057880063 
-1054053117 
-1054742731 
-1054600574 
-1053381370 
-1053129404 
-1053445045 
-1053381085 
-1052899016 
-1052900566 
-1052266021 
-1052173547 
-1052492289 
-1053786303 
-1054691252 
-1056096055 
-1054968958 
-1055869991 
-1055430468 
-1054501574 
-1054561333 
-1054990006 
-1055041036 
-1054613219 
-1054123645 
-1053440477 
-1053488447 
-1053932988 
-1055746068 
-1056688464 
-1057335502 
-1054635165 
-1055464528 
-1055831525 
-1055040505 
-1054876892 
-1054430149 
-1053588711 
-1052677235 
-1051837225 
-1051619646 
-1052096412 
-1052878172 
-1055687084 
-1058065417 
-1059295267 
-1054075634 
-1054717685 
-1054810770 
-1053839902 
-1054498188 
-1053867028 
-1053186960 
-1052607687 
-1052021030 
-1051721542 
-1051911954 
-1052498611 
-1054891496 
-1056168541 
-1057123144 
-1053834763 
-1054534044 
-1054510099 
-1053985282 
-1054601594 
-1054544078 
-1054479628 
-1054093337 
-1053607638 
-1053323814 
-1053598868 
-1053881305 
-1055425777 
-1055545580 
-1056569721 
-1053565787 
-1054599799 
-1054773161 
-1054322012 
-1054804815 
-1054936243 
-1054754560 
-1054280323 
-1053665806 
-1053573945 
-1053711207 
-1054353380 
-1055494387 
-1055603177 
-1056268112 
-1056170825 
-1056824991 
-1057230751 
-1057257428 
-1057590609 
-1057157000 
-1056852688 
-1056602721 
-1056351652 
-1056375474 
-1056366010 
-1056665131 
-1057359650 
-1057893442 
-1058324767 
-1056890910 
-1057593138 
-1058065580 
-1057669418 
-1057031201 
-1056493809 
-1056067542 
-1055997259 
-1055887205 
-1056087244 
-1056258771 
-1057194039 
-1058007167 
-1058217160 
-1058014265 
-1054023054 
-1054797880 
-1055224228 
-1054789763 
-1054220687 
-1053043049 
-1052515417 
-1052715334 
-1052275362 
-1052434284 
-1052847742 
-1054071555 
-1055718004 
-1056232093 
-1056867169 
-1055139546 
-1056097687 
-1055914290 
-1054788253 
-1054220279 
-1053232483 
-1053187286 
-1053532787 
-1053702437 
-1053793360 
-1054189237 
-1055085416 
-1057296180 
-1058594966 
-1059135448 
-1054604898 
-1055274442 
-1055446784 
-1054063111 
-1053607842 
-1052791695 
-1052519823 
-1052574891 
-1053146210 
-1053394301 
-1053660626 
-1054409427 
-1056551895 
-1058832941 
-1059331979 
-1054209918 
-1055125514 
-1054831329 
-1054442427 
-1054019179 
-1053400175 
-1053277883 
-1053162893 
-1053407884 
-1053727931 
-1053417470 
-1053689261 
-1055419536 
-1056645307 
-1056778653 
-1054260295 
-1054950276 
-1055133590 
-1055011544 
-1055174463 
-1054871957 
-1055119844 
-1055170180 
-1054722090 
-1054878239 
-1054205757 
-1053715734 
-1054501778 
-1055151335 
-1055951859 
-1054029458 
-1054372919 
-1054803509 
-1054465637 
-1054742241 
-1054855681 
-1055252007 
-1054537389 
-1053645125 
-1053569866 
-1053605680 
-1053458792 
-1054157175 
-1054369533 
-1055376216 
-1056354099 
-1056656810 
-1056787994 
-1056569313 
-1056804555 
-1057062528 
-1057158469 
-1056452691 
-1055776824 
-1055883248 
-1056211453 
-1056368580 
-1056985923 
-1056864803 
-1057505682 
-1057408029 
-1058146183 
-1058333741 
-1056935249 
-1056765314 
-1056554628 
-1056159077 
-1056012189 
-1056387956 
-1055977680 
-1056148064 
-1056706289 
-1057688100 
-1057532931 
-1057880063 
-1054053117 
-1054742731 
-1054600574 
-1053381370 
-1053129404 
-1053445045 
-1053381085 
-1052899016 
-1052900566 
-1052266021 
-1052173547 
-1052492289 
-1053786303 
-1054691252 
-1056096055 
-1054968958 
-1055869991 
-1055430468 
-1054501574 
-1054561333 
-1054990006 
-1055041036 
-1054613219 
-1054123645 
-1053440477 
