-986 
-166 
-349 
61 
61 
797 
655 
92 
-140 
-426 
548 
364 
155 
223 
497 
1006 
953 
-546 
2025 
1263 
-486 
-257 
4274 
149 
-629 
1546 
897 
922 
451 
571 
1828 
983 
-2342 
1057 
-54 
-165 
-2636 
-867 
-1093 
-471 
1140 
474 
1652 
509 
-602 
1013 
-1449 
-497 
-58 
174 
-2125 
72 
1073 
329 
-534 
-162 
-1787 
961 
2234 
1220 
-894 
-1214 
1949 
1368 
-1048 
2299 
246 
1098 
136 
586 
3960 
703 
-2017 
37 
1171 
32 
-2028 
1220 
1980 
856 
-2198 
-943 
-1152 
323 
-2065 
-505 
3357 
1093 
-787 
439 
2161 
838 
459 
123 
1211 
-370 
-1080300311 
-1079696419 
-1078459608 
-1080292153 
-1081464837 
-1082220655 
-1081734625 
-1080693609 
-1081440932 
-1081003049 
-1081303382 
-1081572031 
-1081569944 
-1081685866 
-1083082762 
-1083039505 
-1081321216 
-1080971175 
-1081693265 
-1082190679 
-1084743986 
-1083134746 
-1081065658 
-1087061276 
-1116197413 
-1093273369 
-1090249020 
-1087449072 
-1082934018 
-1082222932 
-1082318174 
-1085314296 
-1081956982 
-1081770103 
-1081797424 
-1081712237 
-1081313627 
-1081668601 
-1082122041 
-1081874072 
-1083955113 
-1083715302 
-1082770855 
-1084043145 
-1087007394 
-1088310799 
-1087976505 
-1087857738 
-1088001169 
-1087670670 
-1089701097 
-1086878382 
-1083193181 
-1087060517 
-1114541734 
-1094560457 
-1089802409 
-1085708543 
-1081162227 
-1082220276 
-1082909733 
-1083854180 
-1081700475 
-1081066417 
-1082079923 
-1082778824 
-1082653226 
-1082952231 
-1082539771 
-1081972918 
-1082954508 
-1083741104 
-1083626131 
-1085027813 
-1086783140 
-1086915568 
-1086198411 
-1088675448 
-1089657081 
-1090698434 
-1089621792 
-1087193324 
-1088115003 
-1086890524 
-1120435090 
-1093627774 
-1088579069 
-1087760599 
-1084725013 
-1088086165 
-1087041924 
-1085158723 
-1084402103 
-1082257462 
-1082002326 
-1081762325 
-1081458197 
-1081654182 
-1081823416 
-1081380220 
-1081193911 
-1082485890 
-1081902720 
-1082084476 
-1084643053 
-1086368783 
-1086763409 
-1089067798 
-1088802943 
-1089986442 
-1089213126 
-1086754682 
-1088286135 
-1087897200 
-1124968505 
-1093504832 
-1092540275 
-1095492382 
-1088313834 
-1089797097 
-1089004430 
-1085924070 
-1083355205 
-1081843337 
-1081174939 
-1080834005 
-1081093927 
-1081562925 
-1081663289 
-1081504490 
-1081196567 
-1081672775 
-1081099998 
-1080954100 
-1081236220 
-1081316283 
-1082997006 
-1087382289 
-1087724551 
-1088243636 
-1089641144 
-1088900082 
-1086672721 
-1089687437 
1023049406 
-1097218871 
-1098495335 
-1098740458 
-1088207209 
-1087161830 
-1085417506 
-1083651175 
-1082584167 
-1081994357 
-1081890958 
-1081783005 
-1081467683 
-1081981835 
-1081833661 
-1081166781 
-1080863981 
-1081146480 
-1081434292 
-1081835938 
-1081864396 
-1081568047 
-1081440742 
-1081303951 
-1081594988 
-1081939527 
-1087068485 
-1089430930 
-1085859184 
-1090244087 
1027959233 
-1097770589 
-1092704956 
-1092569872 
-1087568598 
-1087100738 
-1084013169 
-1082730634 
-1082035527 
-1081512458 
-1081557043 
-1081542624 
-1080608992 
-1081181579 
-1081673723 
-1080986163 
-1081032077 
-1080771775 
-1081610356 
-1082764405 
-1082982587 
-1083274762 
-1082710143 
-1082137177 
-1082574301 
-1081508284 
-1084606246 
-1089281427 
-1087511681 
-1089881714 
1036639257 
-1096213334 
-1089917003 
-1090124182 
-1087981817 
-1086692073 
-1084055287 
-1083338889 
-1084489755 
-1085042232 
-1084000647 
-1083240233 
-1081408679 
-1082009156 
-1082919978 
-1081518529 
-1081563304 
-1080939871 
-1081609976 
-1082359154 
-1082137936 
-1083042920 
-1084471921 
-1085459246 
-1086678033 
-1087027505 
-1089717034 
-1095096997 
-1093316626 
-1090769011 
1038736847 
-1094939147 
-1090753074 
-1090112039 
-1086300103 
-1085325300 
-1084730326 
-1084780033 
-1085926346 
-1087200533 
-1084569819 
-1083243648 
-1083601088 
-1084315589 
-1083597673 
-1082905939 
-1082904421 
-1081508284 
-1082121472 
-1083495981 
-1083842417 
-1083576803 
-1083868599 
-1085172003 
-1088239083 
-1091748746 
-1096021333 
-1098238069 
-1094282701 
-1092373318 
1037865634 
-1094155207 
-1091216760 
-1092158550 
-1089783058 
-1087311332 
-1087525720 
-1087043062 
-1086376372 
-1087031679 
-1086124039 
-1084633187 
-1085457728 
-1085845903 
-1084733361 
-1085061204 
-1084037074 
-1082257082 
-1083315363 
-1085068034 
-1086161225 
-1085410297 
-1085470629 
-1086917844 
-1088463716 
-1090084719 
-1094508093 
-1098523414 
-1091229661 
-1095043115 
1031784071 
-1090891952 
-1089243103 
-1092468180 
-1094520236 
-1090211834 
-1087865706 
-1085990473 
-1083512676 
-1085090801 
