-861 
-2433 
2844 
658 
1848 
-1568 
2513 
-677 
158 
1410 
2298 
-724 
-473 
-534 
5222 
-5013 
2 
-978 
5201 
-135 
1270 
1961 
6133 
1726 
396 
-176 
1248 
-1760 
18 
-1840 
-1768 
62 
-114 
3790 
-3925 
2964 
1472 
-3239 
-2483 
-4902 
-3811 
-757 
3183 
1486 
1513 
-712 
4944 
712 
-215 
1814 
395 
-4876 
-1445 
1844 
-1601 
-7688 
-2136 
3818 
3090 
-5424 
-701 
-4567 
5160 
-8317 
1531 
3001 
1222 
-1245 
-555 
3519 
-3341 
-6081 
92 
3548 
-2516 
-9843 
-2359 
3406 
942 
-4261 
183 
-1640 
1367 
-4192 
-1433 
6145 
3676 
2218 
739 
-722 
16374 
10047 
223 
4453 
2763 
-3396 
1618 
2015 
4619 
-5118 
-2712 
-6467 
19617 
4201 
2753 
-1588 
317 
-190 
-3896 
1586 
1156 
809 
3186 
292 
3956 
-4582 
1438 
-2186 
-1220 
-2625 
54 
665 
7333 
-8739 
-1622 
3210 
1402 
-609 
2163 
1006 
7038 
4882 
-1878 
2802 
3667 
118 
447 
554 
510 
-6628 
795 
959 
896 
-3198 
2620 
2425 
3212 
-2496 
-380 
6635 
9787 
11500 
3654 
-13176 
16651 
4605 
1423 
-140 
-378 
-2068 
-2832 
3337 
2425 
-6238 
-618 
-20450 
22068 
6808 
3543 
-6866 
7336 
-3175 
3154 
-4771 
13418 
14952 
-1319 
-26332 
23925 
8848 
-2380 
-21736 
24305 
9744 
329 
5896 
3055 
-4677 
358 
-4247 
-396 
-7129 
3443 
1072 
-445 
-8915 
-303 
2635 
5713 
-3081 
-4784 
-7806 
22401 
12329 
2080 
3201 
9692 
4974 
-983 
3127 
546 
-2200 
-5481 
-9257 
7260 
919 
-265 
-3004 
6167 
6158 
-6059 
-11839 
7696 
4014 
643 
441 
1154 
-6283 
-4147 
-6300 
20225 
4217 
-3372 
-821 
4740 
-2858 
-6631 
-12048 
20495 
8449 
1591 
5554 
4188 
-6251 
-4782 
-7964 
7582 
1491 
-8618 
-27905 
23821 
4869 
-3301 
-2608 
421 
-8518 
1205 
786 
-1668 
531 
-2296 
-7012 
3148 
-3395 
-4532 
-26003 
19217 
5906 
-3885 
-3049 
11396 
2249 
-479 
-6511 
11918 
16649 
828 
-1909 
4658 
31 
3413 
61 
2591 
1775 
1816 
-3074 
-2888 
-5694 
-1700 
-3381 
8312 
-2665 
-6084 
-9310 
12386 
2825 
-121 
1713 
4800 
-300 
-2341 
-2211 
6912 
228 
-12059 
-16245 
12796 
10417 
1073 
2345 
1125 
-1815 
-5459 
-5750 
8943 
-1782 
-6080 
-26868 
24688 
3964 
519 
-2485 
-717 
-4648 
7053 
-2090 
-2847 
-6321 
2886 
-5163 
4693 
3710 
-4617 
-4789 
11437 
380 
-7344 
-14528 
20265 
5037 
-22491 
-41844 
37967 
23254 
-2055 
-9426 
19224 
9125 
5186 
-16650 
21323 
7372 
1592 
-19015 
18193 
4958 
-5105 
-5929 
14654 
4088 
1294 
-2212 
11675 
-2127 
-2670 
7454 
2217 
-1967 
-1899 
1876 
5123 
-1750 
-8441 
-32160 
22693 
4561 
4312 
866 
9697 
5675 
-1212 
-4253 
9417 
-4944 
572 
-21150 
22364 
10406 
-1885 
3449 
6246 
851 
387 
-7756 
22192 
10352 
-3733 
2092 
6548 
-1567 
