1006664565 
1006664565 
1006664565 
1006664565 
1015053173 
1015053173 
1015053173 
1025546834 
1023441781 
1015053173 
1006664565 
1006664565 
0 
1006664565 
1006664565 
1006664565 
1006664565 
1006664565 
1006664565 
1006664565 
0 
0 
0 
1006664565 
1015053173 
1015053173 
1019263280 
1023441781 
1023441781 
1023441781 
1023441781 
1023441781 
1019263280 
1023441781 
1023441781 
1019263280 
1015053173 
1019263280 
1023441781 
1015053173 
1006664565 
1006664565 
1006664565 
1006664565 
1006664565 
1015053173 
1019263280 
1015053173 
1023441781 
1025546834 
1029756941 
1040745260 
1043376577 
1045481630 
1044955367 
1041797787 
1037093022 
1031830389 
1025546834 
1019263280 
1019263280 
1015053173 
1006664565 
1015053173 
1006664565 
1006664565 
1006664565 
0 
0 
0 
0 
0 
1006664565 
1006664565 
1006664565 
0 
0 
0 
0 
0 
1006664565 
1006664565 
1006664565 
1006664565 
1006664565 
1006664565 
1006664565 
0 
0 
0 
0 
0 
0 
0 
0 
0 
0 
0 
0 
0 
0 
0 
0 
0 
0 
0 
0 
0 
0 
0 
0 
0 
0 
0 
0 
0 
0 
0 
0 
0 
0 
0 
0 
0 
0 
1006664565 
0 
0 
0 
0 
0 
0 
0 
0 
0 
1006664565 
0 
0 
0 
0 
0 
0 
1015053173 
1015053173 
1015053173 
1006664565 
1006664565 
1006664565 
1006664565 
1006664565 
1015053173 
1019263280 
1029756941 
1023441781 
1019263280 
1019263280 
1019263280 
1006664565 
1015053173 
1015053173 
1015053173 
1015053173 
1015053173 
1019263280 
1019263280 
1015053173 
1006664565 
1006664565 
1006664565 
1006664565 
1006664565 
1006664565 
1015053173 
1023441781 
1029756941 
1040218997 
1040745260 
1036040496 
1039198075 
1033935442 
1031830389 
1031830389 
1033935442 
1040745260 
1048607605 
1050186395 
1048870737 
1048607605 
1046534157 
1049397000 
1051502053 
1052817712 
1006664565 
0 
0 
0 
0 
0 
0 
0 
0 
0 
0 
0 
0 
0 
0 
0 
0 
0 
0 
0 
0 
0 
0 
0 
0 
0 
0 
0 
1006664565 
1006664565 
1006664565 
1019263280 
1023441781 
1006664565 
1006664565 
1006664565 
1006664565 
1006664565 
0 
0 
0 
0 
0 
0 
0 
0 
0 
1006664565 
1006664565 
1006664565 
1006664565 
1006664565 
1006664565 
1006664565 
1006664565 
1015053173 
1019263280 
1006664565 
1006664565 
1006664565 
1006664565 
1006664565 
1006664565 
1006664565 
1006664565 
1006664565 
1006664565 
1006664565 
1006664565 
0 
0 
0 
1006664565 
1006664565 
1015053173 
1015053173 
1015053173 
1015053173 
1015053173 
1015053173 
1015053173 
1023441781 
1025546834 
1023441781 
1015053173 
1015053173 
1019263280 
1015053173 
1006664565 
1006664565 
1006664565 
1006664565 
1006664565 
1015053173 
1019263280 
1023441781 
1027651888 
1032882916 
1037093022 
1040218997 
1039198075 
1037093022 
1034987969 
1032882916 
1029756941 
1025546834 
1023441781 
1019263280 
1015053173 
1006664565 
1006664565 
1015053173 
1006664565 
1006664565 
1006664565 
1006664565 
0 
0 
0 
0 
1006664565 
1006664565 
1015053173 
1006664565 
1006664565 
0 
0 
0 
0 
0 
1006664565 
1006664565 
0 
0 
0 
0 
0 
0 
0 
0 
1006664565 
0 
0 
0 
0 
0 
0 
0 
0 
0 
0 
0 
0 
0 
0 
0 
0 
0 
0 
0 
0 
0 
0 
0 
0 
0 
0 
0 
0 
0 
0 
0 
0 
0 
0 
0 
0 
0 
0 
0 
0 
0 
0 
0 
0 
0 
0 
0 
0 
0 
1006664565 
1006664565 
1006664565 
1006664565 
1006664565 
1006664565 
1006664565 
1006664565 
1006664565 
1006664565 
1006664565 
1006664565 
1006664565 
1006664565 
1006664565 
0 
1006664565 
1006664565 
1015053173 
1015053173 
1015053173 
1015053173 
1015053173 
1006664565 
0 
1006664565 
1006664565 
1006664565 
1006664565 
1006664565 
1006664565 
1006664565 
1015053173 
1025546834 
1032882916 
1027651888 
1032882916 
1031830389 
1031830389 
1019263280 
1015053173 
1027651888 
1037093022 
1041271524 
1044955367 
1045481630 
1047586683 
1049923263 
1051765185 
1053607106 
1006664565 
0 
0 
0 
0 
0 
0 
0 
0 
0 
0 
0 
0 
0 
0 
0 
0 
0 
0 
0 
0 
0 
0 
0 
0 
0 
0 
0 
0 
1006664565 
1006664565 
1015053173 
1015053173 
1006664565 
0 
1006664565 
1006664565 
0 
0 
0 
1006664565 
1006664565 
0 
0 
0 
0 
0 
1006664565 
1006664565 
1006664565 
1006664565 
1006664565 
1006664565 
0 
1006664565 
1006664565 
1006664565 
1006664565 
1006664565 
1006664565 
1006664565 
1006664565 
1006664565 
1006664565 
1006664565 
1006664565 
1006664565 
0 
1006664565 
1006664565 
1006664565 
1006664565 
1006664565 
1006664565 
1015053173 
1015053173 
1015053173 
1015053173 
1015053173 
1015053173 
1019263280 
1019263280 
1023441781 
1023441781 
1023441781 
1019263280 
1019263280 
1015053173 
1015053173 
1015053173 
1015053173 
1015053173 
1019263280 
1015053173 
1015053173 
1023441781 
1033935442 
1038145549 
1039198075 
1036040496 
1032882916 
1029756941 
1025546834 
1023441781 
1025546834 
1023441781 
1019263280 
1019263280 
1019263280 
1015053173 
1006664565 
1006664565 
1006664565 
1006664565 
1006664565 
0 
0 
0 
0 
0 
1006664565 
1006664565 
1006664565 
1006664565 
1006664565 
1006664565 
1006664565 
0 
1006664565 
0 
1006664565 
1006664565 
1006664565 
1006664565 
1006664565 
1006664565 
0 
0 
0 
0 
0 
0 
0 
0 
0 
0 
0 
0 
0 
0 
0 
0 
0 
0 
0 
0 
0 
0 
0 
0 
0 
0 
0 
0 
1006664565 
0 
1006664565 
0 
0 
0 
0 
0 
0 
0 
0 
0 
0 
0 
0 
0 
0 
0 
0 
0 
0 
0 
0 
0 
0 
0 
1006664565 
1006664565 
1006664565 
0 
0 
0 
0 
0 
0 
0 
0 
0 
1006664565 
1006664565 
1006664565 
1006664565 
0 
1006664565 
1015053173 
1006664565 
1015053173 
1015053173 
1015053173 
1006664565 
1006664565 
1015053173 
1006664565 
1006664565 
1006664565 
1006664565 
1006664565 
1006664565 
1006664565 
1019263280 
1023441781 
1023441781 
1027651888 
1027651888 
1025546834 
1006664565 
1006664565 
1015053173 
1025546834 
1031830389 
1040745260 
1044955367 
1047060420 
1048607605 
1050186395 
1053080843 
1006664565 
0 
0 
0 
0 
0 
0 
0 
0 
0 
0 
0 
0 
0 
0 
0 
0 
0 
0 
0 
0 
0 
0 
0 
0 
0 
0 
0 
0 
1006664565 
1015053173 
1015053173 
1015053173 
1006664565 
1006664565 
1006664565 
1006664565 
0 
0 
0 
0 
1006664565 
1006664565 
0 
0 
0 
0 
0 
0 
1006664565 
1015053173 
1006664565 
1006664565 
1006664565 
1006664565 
1015053173 
1015053173 
1015053173 
1006664565 
1006664565 
1006664565 
1006664565 
1006664565 
1006664565 
1006664565 
1006664565 
0 
0 
0 
0 
0 
0 
1006664565 
1006664565 
1006664565 
1015053173 
1015053173 
1015053173 
1015053173 
1019263280 
1019263280 
1019263280 
1019263280 
1019263280 
1019263280 
1023441781 
1019263280 
1015053173 
1015053173 
1015053173 
1019263280 
1023441781 
1023441781 
1019263280 
1015053173 
1019263280 
1029756941 
1027651888 
1029756941 
1025546834 
1025546834 
1023441781 
1019263280 
1019263280 
1019263280 
1019263280 
1023441781 
1023441781 
1025546834 
1023441781 
1019263280 
1006664565 
1006664565 
1006664565 
1006664565 
0 
0 
0 
0 
0 
0 
1006664565 
0 
0 
1006664565 
0 
1006664565 
0 
