-11499 
2937 
-2733 
-9286 
-7917 
-9560 
-4480 
2185 
-7806 
2289 
-710 
-10708 
-6783 
-11338 
-5218 
668 
-5441 
595 
2506 
-8706 
-4523 
-13096 
-6164 
-1101 
-2542 
3408 
2268 
-12872 
-6893 
-14456 
-10016 
-2119 
-9179 
6295 
-4217 
-8567 
-10316 
-11265 
-10009 
-2236 
-3138 
992 
1290 
-4310 
-3690 
-10323 
-5283 
10 
-4493 
3641 
2362 
-14501 
-7021 
-15547 
-8756 
-1638 
-4920 
5111 
1213 
-12216 
-8658 
-14159 
-10958 
-2644 
-5936 
3812 
929 
-7555 
-7404 
-9702 
-8342 
-1191 
-5932 
4300 
-321 
-6972 
-7813 
-9414 
-8889 
-936 
-4987 
5069 
1395 
-12345 
-8880 
-14033 
-10062 
-2488 
-3521 
2375 
4104 
-13403 
-5848 
-15388 
-8704 
-2742 
-3409 
3643 
2656 
-12140 
-7913 
-14037 
-9515 
-2286 
-4273 
4831 
1756 
-13092 
-8668 
-14577 
-9628 
-2289 
-11056 
3210 
-3734 
-8162 
-8305 
-9288 
-5112 
1914 
-11425 
3400 
-3666 
-9165 
-8949 
-9504 
-4644 
2269 
-7102 
2837 
-1385 
-9685 
-7098 
-8593 
-4854 
64 
-1740 
71 
2286 
-7700 
-3091 
-12028 
-5684 
123 
-2585 
116 
5095 
-6003 
-831 
-13625 
-7252 
-3629 
-8095 
1877 
-1360 
-8561 
-6480 
-8214 
-5297 
1281 
-5613 
965 
2146 
-4139 
-3354 
-9403 
-5797 
-1603 
-1228 
-1397 
6705 
-7239 
-2280 
-13591 
-6730 
-2847 
-3283 
-791 
2120 
-6430 
-2771 
-11828 
-4522 
-653 
-410 
-2358 
6451 
-7553 
-41 
-11331 
-6203 
-2113 
-1082134521 
-1083666732 
-1084259051 
-1082716215 
-1082081251 
-1081742973 
-1083358620 
-1086719772 
-1089812275 
-1094906514 
-1094768395 
-1086280371 
-1082417589 
-1088009896 
-1136489837 
-1093450192 
-1088592349 
-1085897888 
-1087656630 
-1088587037 
-1088481930 
-1086952374 
-1086805528 
-1084656713 
-1083047473 
-1083632203 
-1084875275 
-1084368711 
-1083033433 
-1081935543 
-1081512079 
-1083209877 
-1085133679 
-1084981900 
-1086772516 
-1086876864 
-1087964362 
-1089484052 
-1092750489 
-1098200124 
-1093143598 
-1084803559 
-1081904618 
-1088014450 
967957960 
-1091982486 
-1089803168 
-1090263060 
-1090513116 
-1089282945 
-1088603733 
-1088626120 
-1089682124 
-1087455522 
-1086939093 
-1086968311 
-1084207067 
-1084246909 
-1084889694 
-1084493550 
-1083546827 
-1084531874 
-1086123659 
-1086711425 
-1088765378 
-1089125094 
-1092590362 
-1093973830 
-1094803304 
-1094418544 
-1089284463 
-1084376680 
-1083541135 
-1088657235 
1017658206 
-1092742142 
-1089908655 
-1093446397 
-1091545362 
-1090031217 
-1087834212 
-1087355348 
-1088973695 
-1087361799 
-1087304502 
-1086710666 
-1084026829 
-1085504779 
-1085397016 
-1086186648 
-1086593416 
-1086808563 
-1086388514 
-1085532479 
-1085677049 
-1087648282 
-1092785399 
-1092491706 
-1090463408 
-1090518428 
-1088753615 
-1088509629 
-1087770085 
-1089005948 
1033093694 
-1099104496 
-1093466888 
-1094793438 
-1093457781 
-1093467646 
-1090220182 
-1088924746 
-1088097549 
-1085326059 
-1085074106 
-1085688053 
-1084540222 
-1085434961 
-1084946232 
-1084819116 
-1084760681 
-1085957461 
-1087346241 
-1086556230 
-1086391550 
-1086722049 
-1087138683 
-1085623926 
-1086376372 
-1089261696 
-1088252364 
-1089206676 
-1088352917 
-1088118798 
-1149308650 
-1096012985 
-1092477287 
-1092270108 
-1090027422 
-1088514562 
-1086820326 
-1086325146 
-1085002769 
-1082996247 
-1084076916 
-1084759164 
-1084248806 
-1084366435 
-1083341166 
-1081708633 
-1081410766 
-1082089978 
-1084967101 
-1085825034 
-1086758856 
-1084319004 
-1084079572 
-1085305948 
-1088327494 
-1091137835 
-1089170249 
-1088690626 
-1086002995 
-1086375613 
-1116191342 
-1090513495 
-1089551215 
-1090121146 
-1089400574 
-1088174197 
-1086643124 
-1084470404 
-1084207067 
-1084203272 
-1084254118 
-1082927947 
-1082101172 
-1082001567 
-1081299777 
-1081580379 
-1082599724 
-1083306636 
-1083533925 
-1084352395 
-1085985161 
-1082880895 
-1083544929 
-1086700041 
-1091624287 
-1095203242 
-1091949095 
-1089803927 
-1085452795 
-1087756045 
-1104084374 
-1091771513 
-1094069451 
-1098902103 
-1096804514 
-1096962364 
-1104357577 
-1101381185 
-1100953168 
-1100221592 
-1096466046 
-1093644469 
-1094647730 
-1095347433 
-1093372784 
-1092821826 
-1092802094 
-1092377112 
-1091625046 
-1095178199 
-1101827416 
-1098880854 
-1101819827 
-1103437795 
-1104885769 
-1100258019 
-1097891253 
-1097820676 
-1093083645 
-1095046910 
1011649497 
-1091832984 
-1089391467 
-1089097774 
-1087155379 
-1085849698 
-1084755369 
-1082825875 
-1081704838 
-1081726846 
-1082059243 
-1082545842 
-1082018452 
-1081729692 
-1082038563 
-1082348150 
-1082017504 
-1082021677 
-1082097567 
-1082731393 
-1083619301 
-1084292442 
-1084145596 
-1084976967 
-1086272403 
-1087421372 
-1087079869 
-1085911168 
-1085405743 
-1097264405 
-1098771573 
-1089707927 
-1084359225 
-1082568609 
-1080679569 
-1080163899 
-1080298983 
-1079229508 
-1078516904 
-1078685190 
-1078840574 
-1078921965 
-1079000511 
-1077913961 
-1078440635 
-1078798075 
-1078649711 
-1078842661 
-1079067294 
-1079231405 
-1079418094 
-1079547106 
-1079143373 
-1080868534 
-1081879195 
-1083853800 
-1083451965 
-1083313846 
-1081423288 
-1088842406 
-1104447127 
-1091135558 
-1086564199 
-1085504779 
-1082139453 
-1081254243 
-1081462371 
-1080708218 
-1079857115 
-1080641055 
-1079435169 
-1078648763 
-1079823724 
-1078965792 
-1080231820 
-1080683364 
-1080560612 
-1080748060 
-1081098859 
-1080661545 
-1080843111 
-1080494399 
-1079603264 
-1081117263 
-1082012760 
-1083900093 
-1084189612 
-1084386546 
-1082245319 
-1088536191 
-1103311818 
-1088174956 
-1084847955 
-1082571645 
-1081145152 
-1080732692 
-1080300311 
-1079696419 
-1078459608 
-1080292153 
-1081464837 
-1082220655 
-1081734625 
-1080693609 
-1081440932 
-1081003049 
-1081303382 
-1081572031 
-1081569944 
-1081685866 
-1083082762 
-1083039505 
-1081321216 
-1080971175 
-1081693265 
-1082190679 
-1084743986 
-1083134746 
-1081065658 
-1087061276 
-1116197413 
-1093273369 
-1090249020 
-1087449072 
-1082934018 
-1082222932 
-1082318174 
-1085314296 
-1081956982 
-1081770103 
-1081797424 
-1081712237 
-1081313627 
-1081668601 
-1082122041 
-1081874072 
-1083955113 
-1083715302 
-1082770855 
-1084043145 
-1087007394 
-1088310799 
-1087976505 
-1087857738 
-1088001169 
-1087670670 
-1089701097 
-1086878382 
-1083193181 
-1087060517 
-1114541734 
-1094560457 
-1089802409 
-1085708543 
-1081162227 
-1082220276 
-1082909733 
-1083854180 
-1081700475 
-1081066417 
-1082079923 
-1082778824 
-1082653226 
-1082952231 
-1082539771 
-1081972918 
-1082954508 
-1083741104 
-1083626131 
-1085027813 
-1086783140 
-1086915568 
-1086198411 
-1088675448 
-1089657081 
-1090698434 
-1089621792 
-1087193324 
-1088115003 
-1086890524 
-1120435090 
-1093627774 
-1088579069 
-1087760599 
-1084725013 
-1088086165 
-1087041924 
-1085158723 
-1084402103 
-1082257462 
-1082002326 
-1081762325 
-1081458197 
-1081654182 
-1081823416 
-1081380220 
-1081193911 
-1082485890 
-1081902720 
-1082084476 
-1084643053 
-1086368783 
-1086763409 
-1089067798 
-1088802943 
-1089986442 
-1089213126 
-1086754682 
-1088286135 
-1087897200 
-1124968505 
-1093504832 
-1092540275 
-1095492382 
-1088313834 
-1089797097 
-1089004430 
-1085924070 
-1083355205 
-1081843337 
-1081174939 
-1080834005 
-1081093927 
-1081562925 
-1081663289 
-1081504490 
-1081196567 
-1081672775 
-1081099998 
-1080954100 
-1081236220 
-1081316283 
-1082997006 
-1087382289 
-1087724551 
-1088243636 
-1089641144 
-1088900082 
-1086672721 
-1089687437 
1023049406 
-1097218871 
-1098495335 
-1098740458 
-1088207209 
-1087161830 
-1085417506 
-1083651175 
-1082584167 
-1081994357 
-1081890958 
-1081783005 
-1081467683 
-1081981835 
-1081833661 
-1081166781 
-1080863981 
-1081146480 
-1081434292 
-1081835938 
-1081864396 
-1081568047 
-1081440742 
-1081303951 
-1081594988 
-1081939527 
-1087068485 
-1089430930 
-1085859184 
-1090244087 
1027959233 
-1097770589 
-1092704956 
-1092569872 
-1087568598 
-1087100738 
-1084013169 
-1082730634 
-1082035527 
-1081512458 
-1081557043 
-1081542624 
-1080608992 
-1081181579 
-1081673723 
-1080986163 
-1081032077 
-1080771775 
-1081610356 
-1082764405 
-1082982587 
-1083274762 
-1082710143 
-1082137177 
-1082574301 
-1081508284 
-1084606246 
-1089281427 
-1087511681 
-1089881714 
1036639257 
-1096213334 
-1089917003 
-1090124182 
-1087981817 
-1086692073 
-1084055287 
-1083338889 
-1084489755 
-1085042232 
-1084000647 
-1083240233 
-1081408679 
-1082009156 
-1082919978 
-1081518529 
-1081563304 
-1080939871 
-1081609976 
-1082359154 
-1082137936 
-1083042920 
-1084471921 
-1085459246 
-1086678033 
-1087027505 
-1089717034 
-1095096997 
-1093316626 
-1090769011 
1038736847 
-1094939147 
-1090753074 
-1090112039 
-1086300103 
-1085325300 
-1084730326 
-1084780033 
-1085926346 
-1087200533 
-1084569819 
-1083243648 
-1083601088 
-1084315589 
-1083597673 
-1082905939 
-1082904421 
-1081508284 
-1082121472 
-1083495981 
-1083842417 
-1083576803 
-1083868599 
-1085172003 
-1088239083 
-1091748746 
-1096021333 
-1098238069 
-1094282701 
-1092373318 
1037865634 
-1094155207 
-1091216760 
-1092158550 
-1089783058 
-1087311332 
-1087525720 
-1087043062 
-1086376372 
-1087031679 
-1086124039 
-1084633187 
-1085457728 
-1085845903 
-1084733361 
-1085061204 
-1084037074 
-1082257082 
-1083315363 
-1085068034 
-1086161225 
-1085410297 
-1085470629 
-1086917844 
