0 
0 
0 
0 
0 
0 
0 
0 
1006664565 
1006664565 
1006664565 
0 
0 
0 
0 
0 
0 
1006664565 
1006664565 
1006664565 
1006664565 
1006664565 
1006664565 
0 
0 
0 
0 
0 
0 
1006664565 
1006664565 
1006664565 
1006664565 
1006664565 
1006664565 
1006664565 
1006664565 
1006664565 
1006664565 
1006664565 
0 
1006664565 
1006664565 
1006664565 
1015053173 
1015053173 
1015053173 
1006664565 
1006664565 
1006664565 
1015053173 
1006664565 
1006664565 
1015053173 
1023441781 
1025546834 
1025546834 
1019263280 
1019263280 
1015053173 
1006664565 
1006664565 
1006664565 
1006664565 
1006664565 
0 
0 
0 
0 
1006664565 
1006664565 
1006664565 
1006664565 
1006664565 
1006664565 
1006664565 
1006664565 
0 
1006664565 
1006664565 
1006664565 
1006664565 
1006664565 
0 
0 
0 
0 
0 
0 
1006664565 
1006664565 
1006664565 
1006664565 
1006664565 
1006664565 
0 
0 
0 
0 
0 
0 
0 
0 
0 
0 
0 
1006664565 
0 
0 
0 
0 
0 
0 
0 
0 
0 
0 
0 
1006664565 
1006664565 
1006664565 
1006664565 
1006664565 
1006664565 
1006664565 
1006664565 
1006664565 
1006664565 
1006664565 
1006664565 
1006664565 
1006664565 
1006664565 
1006664565 
1006664565 
1006664565 
1006664565 
1006664565 
1015053173 
1006664565 
1006664565 
1006664565 
0 
0 
0 
1006664565 
1006664565 
1006664565 
1006664565 
1006664565 
1006664565 
1006664565 
1006664565 
1006664565 
1006664565 
1006664565 
1006664565 
1006664565 
1006664565 
1006664565 
0 
0 
0 
0 
0 
0 
1006664565 
1006664565 
1006664565 
1006664565 
1006664565 
1006664565 
1015053173 
1015053173 
1015053173 
1015053173 
1015053173 
1015053173 
1006664565 
1006664565 
1006664565 
1006664565 
1006664565 
1006664565 
1006664565 
1006664565 
1006664565 
0 
0 
0 
1006664565 
1006664565 
1006664565 
1015053173 
1019263280 
1015053173 
1015053173 
1006664565 
1006664565 
1006664565 
1006664565 
1006664565 
1019263280 
1019263280 
1019263280 
1019263280 
1025546834 
1041271524 
0 
0 
0 
0 
0 
0 
0 
0 
0 
0 
0 
0 
0 
0 
0 
0 
0 
0 
0 
0 
0 
0 
0 
0 
0 
0 
0 
0 
0 
1006664565 
1006664565 
1006664565 
0 
0 
0 
0 
0 
0 
0 
0 
1006664565 
0 
0 
0 
0 
0 
0 
0 
0 
1006664565 
0 
1006664565 
1006664565 
1006664565 
1006664565 
0 
0 
0 
0 
0 
0 
0 
1006664565 
1006664565 
1006664565 
1006664565 
1006664565 
1006664565 
1006664565 
1006664565 
1006664565 
1006664565 
1006664565 
1006664565 
1006664565 
1006664565 
1006664565 
1015053173 
1015053173 
1015053173 
1015053173 
1006664565 
1006664565 
1006664565 
1006664565 
1006664565 
1019263280 
1027651888 
1031830389 
1025546834 
1023441781 
1019263280 
1015053173 
1006664565 
1006664565 
1006664565 
1006664565 
0 
0 
0 
0 
0 
1006664565 
1006664565 
1006664565 
1006664565 
1006664565 
1006664565 
1006664565 
1006664565 
1006664565 
1006664565 
1006664565 
1006664565 
1006664565 
1006664565 
0 
0 
0 
0 
0 
1006664565 
1006664565 
1006664565 
1006664565 
1006664565 
0 
1006664565 
1006664565 
0 
0 
0 
0 
0 
1006664565 
1006664565 
1006664565 
0 
0 
0 
0 
0 
0 
0 
0 
1006664565 
1006664565 
1006664565 
1006664565 
0 
1006664565 
1006664565 
1006664565 
1006664565 
1006664565 
1006664565 
1006664565 
1006664565 
1006664565 
1006664565 
1006664565 
1006664565 
1006664565 
1006664565 
1015053173 
1006664565 
1006664565 
1006664565 
1006664565 
1006664565 
1015053173 
1015053173 
1006664565 
1006664565 
1006664565 
0 
0 
1006664565 
0 
0 
0 
0 
1006664565 
1006664565 
1006664565 
1006664565 
1006664565 
1006664565 
1015053173 
1006664565 
1006664565 
1006664565 
