1213 
0 
0 
0 
-664 
0 
0 
0 
-1732 
0 
0 
0 
-9566 
0 
0 
0 
-7685 
0 
0 
0 
-586 
0 
0 
0 
-8053 
0 
0 
0 
-9900 
0 
0 
0 
-10111 
0 
0 
0 
-10518 
0 
0 
0 
-9255 
0 
0 
0 
-8618 
0 
0 
0 
-8770 
0 
0 
0 
-9341 
0 
0 
0 
797 
0 
0 
0 
627 
0 
0 
0 
1969 
0 
0 
0 
-1030 
0 
0 
0 
-1166 
0 
0 
0 
-384 
0 
0 
0 
-661 
0 
0 
0 
-3415 
0 
0 
0 
-2423 
0 
0 
0 
-2988 
0 
0 
0 
1023441781 
1015053173 
1015053173 
1015053173 
1006664565 
1006664565 
1006664565 
1006664565 
1006664565 
1006664565 
1006664565 
1006664565 
1006664565 
1006664565 
1006664565 
1006664565 
1006664565 
1006664565 
1006664565 
0 
0 
0 
0 
0 
1006664565 
1006664565 
1006664565 
1006664565 
0 
1006664565 
1006664565 
1006664565 
1006664565 
1006664565 
1006664565 
0 
0 
0 
1006664565 
1006664565 
1006664565 
1006664565 
1006664565 
1006664565 
1006664565 
0 
0 
0 
0 
1006664565 
1006664565 
1006664565 
1006664565 
0 
0 
0 
0 
0 
0 
0 
0 
0 
0 
0 
0 
0 
0 
0 
0 
1006664565 
1006664565 
1006664565 
1006664565 
1006664565 
1006664565 
0 
0 
1006664565 
1006664565 
0 
0 
0 
1006664565 
0 
0 
1006664565 
1006664565 
1006664565 
1006664565 
1006664565 
1006664565 
1015053173 
1015053173 
1015053173 
1015053173 
1019263280 
1015053173 
1015053173 
1015053173 
1015053173 
1015053173 
1015053173 
1015053173 
1015053173 
1015053173 
1015053173 
1015053173 
1006664565 
1006664565 
0 
1006664565 
1006664565 
1006664565 
1006664565 
1006664565 
1006664565 
1006664565 
1006664565 
1006664565 
1006664565 
0 
0 
1006664565 
1006664565 
1006664565 
1006664565 
1006664565 
0 
0 
0 
0 
0 
0 
0 
0 
0 
0 
0 
0 
0 
0 
0 
0 
0 
0 
0 
0 
0 
0 
0 
0 
0 
1006664565 
1006664565 
1006664565 
1006664565 
1006664565 
1006664565 
1006664565 
1006664565 
1015053173 
1015053173 
1015053173 
1015053173 
1006664565 
1006664565 
1015053173 
1015053173 
1015053173 
1006664565 
1015053173 
1015053173 
1015053173 
1015053173 
1019263280 
1025546834 
1031830389 
1039198075 
1045481630 
1051765185 
1047586683 
1033935442 
1023441781 
1025546834 
1025546834 
1023441781 
1025546834 
1025546834 
1025546834 
1023441781 
1023441781 
1037093022 
1015053173 
1006664565 
0 
0 
0 
0 
0 
0 
0 
0 
1006664565 
1006664565 
1006664565 
1006664565 
1006664565 
1015053173 
1015053173 
1019263280 
1019263280 
1015053173 
1015053173 
1015053173 
1015053173 
1015053173 
1015053173 
1023441781 
1023441781 
1019263280 
1015053173 
1015053173 
1006664565 
1006664565 
1006664565 
1006664565 
1006664565 
1006664565 
1015053173 
1015053173 
1015053173 
1015053173 
1015053173 
1015053173 
1006664565 
1015053173 
1019263280 
1031830389 
1033935442 
1025546834 
1019263280 
1015053173 
1015053173 
1006664565 
1006664565 
1006664565 
1006664565 
1006664565 
1006664565 
1006664565 
1006664565 
1006664565 
1006664565 
1006664565 
1006664565 
1006664565 
1006664565 
0 
0 
0 
0 
0 
0 
0 
1006664565 
1006664565 
1006664565 
0 
0 
1006664565 
1006664565 
1006664565 
1006664565 
1006664565 
1006664565 
0 
0 
0 
0 
0 
0 
0 
1006664565 
1006664565 
0 
0 
0 
0 
0 
0 
1006664565 
1006664565 
1006664565 
0 
0 
0 
0 
0 
0 
0 
0 
0 
0 
0 
