1957 
-301 
0 
0 
728 
-306 
0 
0 
262 
-325 
0 
0 
267 
608 
0 
0 
2077 
120 
0 
0 
344 
-341 
0 
0 
781 
684 
0 
0 
77 
700 
0 
0 
-247 
848 
0 
0 
-411 
796 
0 
0 
45 
694 
0 
0 
235 
381 
0 
0 
-93 
500 
0 
0 
-208 
621 
0 
0 
2381 
-126 
0 
0 
1902 
-178 
0 
0 
1713 
-92 
0 
0 
413 
-254 
0 
0 
706 
-316 
0 
0 
973 
-263 
0 
0 
908 
-448 
0 
0 
630 
-303 
0 
0 
385 
-330 
0 
0 
325 
-278 
0 
0 
0 
0 
0 
0 
0 
0 
0 
0 
1006664565 
1015053173 
1015053173 
1015053173 
1015053173 
1006664565 
1006664565 
0 
0 
0 
0 
0 
0 
0 
1006664565 
0 
0 
1006664565 
1006664565 
1006664565 
1006664565 
1006664565 
1015053173 
1015053173 
1015053173 
1006664565 
1006664565 
1006664565 
0 
1006664565 
1006664565 
1006664565 
1006664565 
1006664565 
1006664565 
1006664565 
1006664565 
0 
0 
0 
0 
0 
0 
0 
0 
1006664565 
1006664565 
1006664565 
1006664565 
1015053173 
1015053173 
1015053173 
1015053173 
1015053173 
1015053173 
1015053173 
1019263280 
1019263280 
1023441781 
1025546834 
1023441781 
1023441781 
1023441781 
1023441781 
1019263280 
1019263280 
1015053173 
1015053173 
1019263280 
1019263280 
1019263280 
1015053173 
1015053173 
1015053173 
1019263280 
1015053173 
1015053173 
1015053173 
1015053173 
1015053173 
1015053173 
1019263280 
1019263280 
1015053173 
1015053173 
1019263280 
1019263280 
1015053173 
1006664565 
1006664565 
1015053173 
1015053173 
1015053173 
1015053173 
1015053173 
1019263280 
1015053173 
1015053173 
1015053173 
1006664565 
1006664565 
1006664565 
1015053173 
1006664565 
1006664565 
1006664565 
1006664565 
1006664565 
1006664565 
1006664565 
1006664565 
1006664565 
1006664565 
1006664565 
1006664565 
1006664565 
1006664565 
1006664565 
1015053173 
1015053173 
1015053173 
1015053173 
1019263280 
1023441781 
1019263280 
1006664565 
1006664565 
1006664565 
0 
0 
0 
0 
0 
0 
0 
0 
1006664565 
1006664565 
1006664565 
1006664565 
1006664565 
0 
0 
0 
0 
0 
0 
0 
0 
0 
0 
0 
0 
0 
0 
0 
0 
0 
0 
0 
0 
0 
0 
0 
0 
0 
0 
0 
0 
1006664565 
1006664565 
1006664565 
0 
0 
1006664565 
1006664565 
1015053173 
1015053173 
1019263280 
1015053173 
1015053173 
1023441781 
1029756941 
1023441781 
1023441781 
1019263280 
1019263280 
1019263280 
1025546834 
1019263280 
1006664565 
0 
1006664565 
1006664565 
1015053173 
1019263280 
1023441781 
1019263280 
1015053173 
1015053173 
1015053173 
1015053173 
1015053173 
1015053173 
1015053173 
1006664565 
1006664565 
1006664565 
1006664565 
1006664565 
1006664565 
1006664565 
1006664565 
1006664565 
1015053173 
1036040496 
0 
0 
0 
0 
0 
0 
0 
0 
0 
0 
0 
0 
0 
0 
0 
0 
0 
0 
0 
0 
0 
0 
0 
0 
0 
1006664565 
1025546834 
1023441781 
1019263280 
1006664565 
0 
0 
1006664565 
1006664565 
0 
0 
0 
0 
0 
0 
0 
0 
0 
0 
0 
1006664565 
1006664565 
1006664565 
1006664565 
1006664565 
1006664565 
1006664565 
1006664565 
1006664565 
1006664565 
1015053173 
1019263280 
1019263280 
1019263280 
1015053173 
1006664565 
0 
0 
0 
0 
0 
0 
0 
0 
0 
1006664565 
1015053173 
1015053173 
1015053173 
1019263280 
1019263280 
1019263280 
1015053173 
1015053173 
1015053173 
