10483 
-8171 
-13375 
-8521 
1474 
0 
0 
0 
11402 
-8175 
-13619 
-9322 
1050 
0 
0 
0 
1352 
-4901 
-7341 
-6419 
3019 
0 
0 
0 
9202 
-8052 
-11108 
-9545 
-212 
0 
0 
0 
754 
-4142 
-7212 
-6644 
2859 
0 
0 
0 
2118 
-8153 
-8092 
-6173 
4100 
0 
0 
0 
2139 
-9418 
-8592 
-5636 
4404 
0 
0 
0 
1774 
-5550 
-6341 
-4800 
3358 
0 
0 
0 
10508 
-8390 
-11342 
-9466 
-1014 
0 
0 
0 
1015053173 
1019263280 
1027651888 
1027651888 
1027651888 
1027651888 
1029756941 
1027651888 
1025546834 
1025546834 
1023441781 
1023441781 
1023441781 
1019263280 
1023441781 
1023441781 
1023441781 
1019263280 
1019263280 
1019263280 
1015053173 
1006664565 
1019263280 
1041271524 
0 
0 
0 
0 
0 
0 
0 
0 
1006664565 
1006664565 
1006664565 
0 
1006664565 
0 
0 
0 
0 
0 
0 
0 
0 
0 
0 
0 
0 
0 
0 
0 
0 
0 
1006664565 
1006664565 
1006664565 
0 
0 
0 
1006664565 
1015053173 
1023441781 
1025546834 
1019263280 
1015053173 
1015053173 
1019263280 
1019263280 
1019263280 
1019263280 
1015053173 
1015053173 
1006664565 
1006664565 
1006664565 
1006664565 
1006664565 
1006664565 
1006664565 
1006664565 
0 
0 
0 
1006664565 
1006664565 
1006664565 
0 
0 
1006664565 
1006664565 
0 
0 
0 
0 
0 
0 
0 
0 
0 
0 
1006664565 
1006664565 
1006664565 
1006664565 
1006664565 
1006664565 
1006664565 
1006664565 
1006664565 
1006664565 
0 
0 
0 
1006664565 
0 
1006664565 
0 
0 
0 
1006664565 
1006664565 
1006664565 
1006664565 
1015053173 
1015053173 
1006664565 
1006664565 
1006664565 
1006664565 
1006664565 
1006664565 
1006664565 
0 
0 
1006664565 
1006664565 
1006664565 
1015053173 
1006664565 
1015053173 
1019263280 
1019263280 
1019263280 
1025546834 
1025546834 
1025546834 
1015053173 
1006664565 
1006664565 
1006664565 
1006664565 
1006664565 
1006664565 
1006664565 
1006664565 
1006664565 
1015053173 
1015053173 
1015053173 
1015053173 
1019263280 
1025546834 
1025546834 
1031830389 
1025546834 
1023441781 
1019263280 
1023441781 
1019263280 
1015053173 
1006664565 
1006664565 
1006664565 
1006664565 
1006664565 
1006664565 
1006664565 
1006664565 
1006664565 
1015053173 
1015053173 
1015053173 
1015053173 
1015053173 
1006664565 
1006664565 
0 
0 
0 
0 
1006664565 
1006664565 
1006664565 
1006664565 
1006664565 
1006664565 
1006664565 
1006664565 
0 
0 
0 
1006664565 
1006664565 
1006664565 
1006664565 
0 
0 
0 
0 
0 
0 
0 
0 
1006664565 
1006664565 
1006664565 
0 
0 
0 
0 
0 
1006664565 
0 
0 
0 
1006664565 
1006664565 
1015053173 
1006664565 
1006664565 
0 
0 
0 
1006664565 
1006664565 
1006664565 
1006664565 
1015053173 
1015053173 
1015053173 
1019263280 
1031830389 
1032882916 
1033935442 
1039198075 
1041271524 
1039198075 
1037093022 
1032882916 
1025546834 
1025546834 
1023441781 
1023441781 
1031830389 
1031830389 
1027651888 
1025546834 
1029756941 
1027651888 
1023441781 
1019263280 
1027651888 
1043376577 
1006664565 
0 
0 
0 
0 
0 
0 
0 
0 
1006664565 
1006664565 
1006664565 
1006664565 
0 
0 
0 
0 
0 
0 
0 
0 
0 
0 
0 
0 
0 
0 
0 
0 
0 
0 
0 
0 
0 
0 
0 
0 
1006664565 
1015053173 
1015053173 
1019263280 
1023441781 
1023441781 
1023441781 
1019263280 
1019263280 
1015053173 
1015053173 
1015053173 
1015053173 
1006664565 
1006664565 
1006664565 
1006664565 
1006664565 
1006664565 
1006664565 
0 
1006664565 
0 
0 
0 
0 
0 
0 
1006664565 
1006664565 
0 
0 
0 
0 
0 
0 
0 
0 
0 
0 
1006664565 
1006664565 
1006664565 
1006664565 
1006664565 
1006664565 
0 
0 
0 
0 
0 
0 
1006664565 
1006664565 
1006664565 
0 
0 
0 
1006664565 
1006664565 
1006664565 
1006664565 
1006664565 
1006664565 
1006664565 
1006664565 
1006664565 
1006664565 
0 
0 
1006664565 
1006664565 
0 
1006664565 
1006664565 
1006664565 
1015053173 
1019263280 
1019263280 
1015053173 
1015053173 
1019263280 
1019263280 
1023441781 
1029756941 
1027651888 
1019263280 
1006664565 
1006664565 
1006664565 
1006664565 
1006664565 
1006664565 
1006664565 
1006664565 
1015053173 
1019263280 
1023441781 
1025546834 
1025546834 
1025546834 
1025546834 
1023441781 
1025546834 
1023441781 
1019263280 
1015053173 
1019263280 
1015053173 
1015053173 
1015053173 
1006664565 
1006664565 
1006664565 
1006664565 
1006664565 
1006664565 
1015053173 
1006664565 
1015053173 
1019263280 
1023441781 
1019263280 
1015053173 
1006664565 
1006664565 
1006664565 
1006664565 
1006664565 
1006664565 
1006664565 
1006664565 
1006664565 
1006664565 
1006664565 
1006664565 
0 
0 
1006664565 
1006664565 
1006664565 
1006664565 
1006664565 
0 
0 
0 
0 
1006664565 
1006664565 
1006664565 
1006664565 
1006664565 
0 
1006664565 
1006664565 
1006664565 
0 
0 
0 
0 
0 
0 
0 
0 
0 
0 
1006664565 
1006664565 
1006664565 
1006664565 
0 
0 
0 
1006664565 
1006664565 
1006664565 
1006664565 
1006664565 
1015053173 
1019263280 
1023441781 
1029756941 
1036040496 
1037093022 
1036040496 
1039198075 
1041271524 
1038145549 
1025546834 
1015053173 
1015053173 
1015053173 
1023441781 
1032882916 
1032882916 
1029756941 
1029756941 
1034987969 
1036040496 
1031830389 
1029756941 
1034987969 
1048607605 
1006664565 
0 
0 
0 
0 
0 
0 
0 
0 
1006664565 
1006664565 
1006664565 
1006664565 
1006664565 
0 
0 
0 
0 
0 
0 
0 
0 
0 
0 
0 
0 
0 
0 
0 
0 
0 
0 
0 
0 
0 
0 
0 
1006664565 
1006664565 
1006664565 
1015053173 
1015053173 
1023441781 
1023441781 
1019263280 
1015053173 
1006664565 
1006664565 
1015053173 
1015053173 
1015053173 
1006664565 
1006664565 
1006664565 
1006664565 
1006664565 
1006664565 
1006664565 
1006664565 
0 
0 
0 
0 
0 
0 
1006664565 
1006664565 
1006664565 
1006664565 
0 
0 
0 
0 
0 
0 
0 
0 
0 
0 
0 
1006664565 
1006664565 
1006664565 
1006664565 
0 
0 
0 
1006664565 
1006664565 
1006664565 
1006664565 
0 
0 
0 
0 
0 
1006664565 
1006664565 
1006664565 
1006664565 
1006664565 
0 
1006664565 
1006664565 
1006664565 
0 
0 
1006664565 
1006664565 
1006664565 
0 
0 
1006664565 
1015053173 
1019263280 
1023441781 
1019263280 
1006664565 
1015053173 
1015053173 
1015053173 
1023441781 
1019263280 
1015053173 
1006664565 
0 
0 
1006664565 
1006664565 
1006664565 
1006664565 
1006664565 
1006664565 
1015053173 
1019263280 
1023441781 
1019263280 
1019263280 
1019263280 
1015053173 
1006664565 
1006664565 
1006664565 
1006664565 
1006664565 
1006664565 
1015053173 
1006664565 
1006664565 
1006664565 
1006664565 
1006664565 
1015053173 
1006664565 
1015053173 
1015053173 
1015053173 
1015053173 
1019263280 
1015053173 
1006664565 
1006664565 
1006664565 
0 
0 
0 
0 
0 
0 
0 
0 
0 
0 
0 
0 
0 
0 
0 
0 
0 
0 
0 
1006664565 
1006664565 
1006664565 
1006664565 
1006664565 
1006664565 
0 
0 
1006664565 
1006664565 
1006664565 
0 
0 
0 
0 
0 
0 
0 
0 
0 
0 
1006664565 
1006664565 
1006664565 
0 
0 
1006664565 
1006664565 
1006664565 
1006664565 
1015053173 
1006664565 
1006664565 
1006664565 
1015053173 
1015053173 
1019263280 
1023441781 
1023441781 
1019263280 
1023441781 
1023441781 
